RUNNING THE L-BFGS-B CODE

it    = iteration number
nf    = number of function evaluations
nseg  = number of segments explored during the Cauchy search
nact  = number of active bounds at the generalized Cauchy point
sub   = manner in which the subspace minimization terminated:
        con = converged, bnd = a bound was reached
itls  = number of iterations performed in the line search
stepl = step length used
tstep = norm of the displacement (total step)
projg = norm of the projected gradient
f     = function value

           * * *

Machine precision = 2.220D-16
 N =           13     M =           12

   it   nf  nseg  nact  sub  itls  stepl    tstep     projg        f
    0    1     -     -   -     -     -        -     2.671D-01  5.806D+00
    1    2     1     0  ---    0  2.2D+00  1.0D+00  1.007D-01  5.668D+00
    2    3     0     0  con    0  1.0D+00  2.8D-01  6.081D-02  5.628D+00
    3    4     0     0  con    0  1.0D+00  3.8D-01  2.296D-02  5.611D+00
    4    5     0     0  con    0  1.0D+00  8.1D-02  6.279D-03  5.609D+00
    5    6     0     0  con    0  1.0D+00  3.0D-02  2.213D-03  5.608D+00
    6    7     0     0  con    0  1.0D+00  1.4D-02  9.020D-04  5.608D+00
    7    8     0     0  con    0  1.0D+00  4.7D-03  4.125D-04  5.608D+00
    8    9     0     0  con    0  1.0D+00  3.6D-03  5.725D-04  5.608D+00
    9   10     0     0  con    0  1.0D+00  4.2D-02  1.389D-03  5.608D+00
   10   11     0     0  con    0  1.0D+00  7.1D-02  2.029D-03  5.608D+00
   11   12     0     0  con    0  1.0D+00  1.8D-01  2.627D-03  5.608D+00
   12   14     0     0  con    1  2.8D-01  5.8D-02  3.142D-03  5.608D+00
   13   15     0     0  con    0  1.0D+00  8.4D-02  1.445D-03  5.608D+00
   14   16     0     0  con    0  1.0D+00  2.2D-02  3.545D-04  5.608D+00
   15   17     0     0  con    0  1.0D+00  4.6D-03  4.248D-04  5.608D+00
   16   18     0     0  con    0  1.0D+00  1.1D-02  8.543D-04  5.608D+00
   17   19     0     0  con    0  1.0D+00  3.0D-02  1.445D-03  5.608D+00
   18   20     0     0  con    0  1.0D+00  9.1D-02  2.501D-03  5.608D+00
   19   21     0     0  con    0  1.0D+00  2.4D-01  4.308D-03  5.608D+00
   20   22     0     0  con    0  1.0D+00  5.9D-01  8.678D-03  5.608D+00
   21   23     0     0  con    0  1.0D+00  1.9D-01  7.170D-03  5.608D+00
   22   25     0     0  con    1  2.3D-01  5.0D-01  1.055D-02  5.607D+00
   23   28     0     0  con    2  3.3D-02  2.6D-01  2.147D-02  5.607D+00
   24   29     0     0  con    0  1.0D+00  3.7D-01  1.779D-02  5.606D+00
   25   31     0     0  con    1  2.1D-01  1.3D-01  2.040D-02  5.606D+00
   26   33     0     0  con    1  3.4D-01  2.2D-02  3.073D-03  5.606D+00
   27   34     0     0  con    0  1.0D+00  2.2D-01  4.367D-03  5.606D+00
   28   36     0     0  con    1  2.5D-01  1.8D-01  1.406D-02  5.605D+00
   29   37     0     0  con    0  1.0D+00  2.9D-01  2.707D-02  5.605D+00
   30   38     0     0  con    0  1.0D+00  1.3D-01  5.181D-03  5.605D+00
   31   40     0     0  con    1  3.3D-01  1.9D-01  1.814D-02  5.605D+00
   32   42     0     0  con    1  8.8D-02  1.3D-01  3.471D-02  5.605D+00
   33   44     0     0  con    1  5.2D-01  1.8D-01  4.711D-02  5.605D+00
   34   45     0     0  con    0  1.0D+00  1.9D-01  3.247D-02  5.604D+00
   35   46     0     0  con    0  1.0D+00  2.2D-01  1.944D-02  5.604D+00
   36   48     0     0  con    1  2.0D-01  9.3D-02  9.275D-03  5.604D+00
   37   49     0     0  con    0  1.0D+00  1.1D-01  1.704D-02  5.603D+00
   38   51     0     0  con    1  2.6D-01  1.1D-01  1.073D-02  5.603D+00
   39   52     0     0  con    0  1.0D+00  7.2D-02  1.905D-02  5.603D+00
   40   53     0     0  con    0  1.0D+00  2.2D-01  8.600D-03  5.603D+00
   41   54     0     0  con    0  1.0D+00  1.3D-01  7.108D-02  5.603D+00
   42   55     0     0  con    0  1.0D+00  2.7D-02  2.202D-02  5.602D+00
   43   56     0     0  con    0  1.0D+00  2.3D-02  6.490D-03  5.602D+00
   44   57     0     0  con    0  1.0D+00  2.4D-02  1.453D-02  5.602D+00
   45   58     0     0  con    0  1.0D+00  2.2D-02  2.168D-02  5.602D+00
   46   59     0     0  con    0  1.0D+00  3.1D-02  2.519D-02  5.602D+00
   47   60     0     0  con    0  1.0D+00  1.4D-01  2.967D-02  5.602D+00
   48   61     0     0  con    0  1.0D+00  1.2D-01  1.528D-02  5.602D+00
   49   62     0     0  con    0  1.0D+00  1.6D-01  2.448D-02  5.602D+00
   50   64     0     0  con    1  4.9D-01  9.3D-02  3.050D-02  5.602D+00
   51   65     0     0  con    0  1.0D+00  2.0D-01  1.858D-02  5.602D+00
   52   66     0     0  con    0  1.0D+00  2.8D-02  4.184D-03  5.602D+00
   53   67     0     0  con    0  1.0D+00  6.3D-02  1.081D-02  5.601D+00
   54   68     0     0  con    0  1.0D+00  9.1D-02  8.077D-03  5.601D+00
   55   69     0     0  con    0  1.0D+00  1.6D-01  6.346D-03  5.601D+00
   56   70     0     0  con    0  1.0D+00  3.1D-01  1.740D-02  5.601D+00
   57   71     0     0  con    0  1.0D+00  1.7D-01  1.061D-01  5.601D+00
   58   72     0     0  con    0  1.0D+00  3.6D-01  2.145D-02  5.600D+00
   59   74     0     0  con    1  3.8D-01  4.7D-02  2.948D-02  5.600D+00
   60   76     0     0  con    1  2.6D-01  2.5D-01  3.706D-02  5.599D+00
   61   78     0     0  con    1  5.1D-01  1.7D-01  4.637D-02  5.599D+00
   62   79     0     0  con    0  1.0D+00  1.6D-01  3.178D-02  5.599D+00
   63   80     0     0  con    0  1.0D+00  1.5D-01  6.555D-02  5.598D+00
   64   81     0     0  con    0  1.0D+00  1.0D-01  4.803D-02  5.598D+00
   65   82     0     0  con    0  1.0D+00  3.9D-02  3.502D-02  5.598D+00
   66   83     0     0  con    0  1.0D+00  5.9D-02  3.079D-02  5.597D+00
   67   84     0     0  con    0  1.0D+00  1.7D-01  7.887D-02  5.597D+00
   68   85     0     0  con    0  1.0D+00  8.8D-02  8.697D-02  5.596D+00
   69   86     0     0  con    0  1.0D+00  2.6D-01  2.018D-02  5.596D+00
   70   87     0     0  con    0  1.0D+00  1.2D-01  2.729D-02  5.596D+00
   71   88     0     0  con    0  1.0D+00  5.2D-02  2.334D-02  5.595D+00
   72   89     0     0  con    0  1.0D+00  1.4D-01  3.973D-02  5.595D+00
   73   90     0     0  con    0  1.0D+00  2.6D-02  1.148D-02  5.595D+00
   74   91     0     0  con    0  1.0D+00  7.6D-03  1.533D-02  5.595D+00
   75   92     0     0  con    0  1.0D+00  2.5D-02  2.415D-02  5.595D+00
   76   93     0     0  con    0  1.0D+00  7.0D-02  3.624D-02  5.595D+00
   77   95     0     0  con    1  3.5D-01  5.8D-02  2.201D-02  5.595D+00
   78   96     0     0  con    0  1.0D+00  7.1D-02  1.694D-02  5.595D+00
   79   97     0     0  con    0  1.0D+00  6.9D-02  6.183D-03  5.594D+00
   80   98     0     0  con    0  1.0D+00  6.8D-02  6.990D-03  5.594D+00
   81  102     0     0  con    3  2.9D+00  4.8D-01  1.105D-01  5.594D+00
   82  104     0     0  con    1  6.9D-02  4.9D-02  1.214D-01  5.594D+00
   83  105     0     0  con    0  1.0D+00  4.2D-01  7.554D-02  5.593D+00
   84  106     0     0  con    0  1.0D+00  3.1D-01  5.174D-02  5.592D+00
   85  108     0     0  con    1  5.1D-01  1.3D-01  4.761D-02  5.592D+00
   86  110     0     0  con    1  3.9D-01  1.6D-01  5.678D-02  5.592D+00
   87  111     0     0  con    0  1.0D+00  2.0D-01  2.846D-02  5.592D+00
   88  112     0     0  con    0  1.0D+00  2.9D-02  2.073D-02  5.592D+00
   89  113     0     0  con    0  1.0D+00  1.1D-01  1.827D-02  5.592D+00
   90  114     0     0  con    0  1.0D+00  9.3D-02  1.471D-02  5.591D+00
   91  115     0     0  con    0  1.0D+00  1.1D-01  4.495D-02  5.591D+00
   92  116     0     0  con    0  1.0D+00  1.0D-01  2.047D-02  5.591D+00
   93  117     0     0  con    0  1.0D+00  3.0D-02  1.338D-02  5.591D+00
   94  118     0     0  con    0  1.0D+00  2.6D-02  9.770D-03  5.591D+00
   95  119     0     0  con    0  1.0D+00  8.8D-02  8.540D-03  5.591D+00
   96  121     0     0  con    1  4.6D-01  8.1D-02  4.582D-02  5.591D+00
   97  122     0     0  con    0  1.0D+00  6.4D-02  2.979D-02  5.590D+00
   98  124     0     0  con    1  2.9D-01  7.4D-02  4.639D-02  5.590D+00
   99  125     0     0  con    0  1.0D+00  1.2D-01  3.221D-02  5.590D+00
  100  126     0     0  con    0  1.0D+00  1.6D-01  5.896D-02  5.590D+00
  101  127     0     0  con    0  1.0D+00  4.8D-02  9.496D-03  5.590D+00
  102  128     0     0  con    0  1.0D+00  3.2D-02  9.251D-03  5.590D+00
  103  129     0     0  con    0  1.0D+00  1.9D-01  3.866D-02  5.590D+00
  104  130     0     0  con    0  1.0D+00  8.4D-02  1.337D-02  5.589D+00
  105  131     0     0  con    0  1.0D+00  8.2D-02  6.780D-03  5.589D+00
  106  132     0     0  con    0  1.0D+00  7.9D-02  1.935D-02  5.589D+00
  107  133     0     0  con    0  1.0D+00  1.5D-02  2.361D-02  5.589D+00
  108  134     0     0  con    0  1.0D+00  1.5D-02  1.746D-02  5.589D+00
  109  135     0     0  con    0  1.0D+00  4.4D-02  6.160D-03  5.589D+00
  110  136     0     0  con    0  1.0D+00  1.8D-02  3.955D-03  5.589D+00
  111  137     0     0  con    0  1.0D+00  1.3D-02  2.840D-03  5.589D+00
  112  138     0     0  con    0  1.0D+00  3.4D-02  6.607D-03  5.589D+00
  113  139     0     0  con    0  1.0D+00  6.6D-02  1.365D-02  5.589D+00
  114  140     0     0  con    0  1.0D+00  5.1D-02  6.399D-03  5.589D+00
  115  141     0     0  con    0  1.0D+00  6.7D-02  6.555D-03  5.589D+00
  116  142     0     0  con    0  1.0D+00  7.7D-02  1.306D-02  5.589D+00
  117  143     0     0  con    0  1.0D+00  5.1D-02  5.675D-03  5.589D+00
  118  144     0     0  con    0  1.0D+00  6.0D-02  7.373D-03  5.589D+00
  119  145     0     0  con    0  1.0D+00  4.8D-02  1.900D-02  5.589D+00
  120  146     0     0  con    0  1.0D+00  6.4D-03  3.942D-03  5.589D+00
  121  147     0     0  con    0  1.0D+00  5.6D-03  1.668D-03  5.589D+00
  122  148     0     0  con    0  1.0D+00  4.9D-03  4.276D-03  5.589D+00
  123  149     0     0  con    0  1.0D+00  5.8D-03  1.310D-03  5.589D+00
  124  150     0     0  con    0  1.0D+00  3.4D-03  2.044D-03  5.589D+00
  125  151     0     0  con    0  1.0D+00  5.9D-03  3.089D-03  5.589D+00
  126  152     0     0  con    0  1.0D+00  9.6D-03  2.256D-03  5.589D+00
  127  153     0     0  con    0  1.0D+00  1.6D-02  1.554D-03  5.589D+00
  128  154     0     0  con    0  1.0D+00  4.7D-02  5.365D-03  5.589D+00
  129  155     0     0  con    0  1.0D+00  8.1D-03  5.769D-03  5.589D+00
  130  156     0     0  con    0  1.0D+00  1.4D-02  6.852D-03  5.589D+00
  131  157     0     0  con    0  1.0D+00  1.3D-02  8.469D-03  5.589D+00
  132  158     0     0  con    0  1.0D+00  6.0D-02  1.285D-02  5.589D+00
  133  159     0     0  con    0  1.0D+00  1.1D-02  6.253D-03  5.589D+00
  134  160     0     0  con    0  1.0D+00  2.2D-02  2.214D-03  5.589D+00
  135  161     0     0  con    0  1.0D+00  3.0D-02  4.624D-03  5.589D+00
  136  162     0     0  con    0  1.0D+00  4.7D-02  5.618D-03  5.589D+00
  137  163     0     0  con    0  1.0D+00  5.4D-02  3.382D-03  5.589D+00
  138  164     0     0  con    0  1.0D+00  5.7D-02  3.839D-03  5.589D+00
  139  166     0     0  con    1  2.9D-01  2.0D-02  2.143D-03  5.589D+00
  140  167     0     0  con    0  1.0D+00  1.1D-02  2.243D-03  5.589D+00
  141  168     0     0  con    0  1.0D+00  7.8D-02  1.607D-02  5.589D+00
  142  169     0     0  con    0  1.0D+00  4.9D-02  5.084D-03  5.589D+00
  143  170     0     0  con    0  1.0D+00  2.1D-02  3.552D-03  5.589D+00
  144  171     0     0  con    0  1.0D+00  5.0D-02  4.746D-03  5.589D+00
  145  172     0     0  con    0  1.0D+00  8.4D-02  7.272D-03  5.589D+00
  146  174     0     0  con    1  4.9D-01  1.3D-01  9.699D-03  5.589D+00
  147  175     0     0  con    0  1.0D+00  1.8D-01  9.184D-03  5.589D+00
  148  176     0     0  con    0  1.0D+00  1.2D-01  1.741D-02  5.589D+00
  149  178     0     0  con    1  4.8D-01  3.1D-02  4.668D-03  5.589D+00
  150  179     0     0  con    0  1.0D+00  4.7D-02  2.514D-03  5.589D+00
  151  180     0     0  con    0  1.0D+00  9.3D-02  3.695D-03  5.589D+00
  152  181     0     0  con    0  1.0D+00  1.3D-01  8.209D-03  5.589D+00
  153  182     0     0  con    0  1.0D+00  8.0D-02  4.146D-03  5.589D+00
  154  183     0     0  con    0  1.0D+00  1.1D-01  8.698D-03  5.589D+00
  155  184     0     0  con    0  1.0D+00  2.5D-02  2.299D-03  5.589D+00
  156  185     0     0  con    0  1.0D+00  1.2D-02  1.637D-03  5.589D+00
  157  186     0     0  con    0  1.0D+00  4.3D-02  4.769D-03  5.589D+00
  158  187     0     0  con    0  1.0D+00  2.8D-02  5.218D-03  5.589D+00
  159  188     0     0  con    0  1.0D+00  5.4D-02  3.915D-03  5.589D+00
  160  189     0     0  con    0  1.0D+00  7.4D-02  3.873D-03  5.589D+00
  161  190     0     0  con    0  1.0D+00  1.7D-02  1.895D-03  5.589D+00
  162  192     0     0  con    1  4.5D-01  6.6D-02  3.798D-03  5.589D+00
  163  193     0     0  con    0  1.0D+00  7.2D-02  7.399D-04  5.589D+00
  164  194     0     0  con    0  1.0D+00  5.9D-02  3.079D-03  5.589D+00
  165  195     0     0  con    0  1.0D+00  4.3D-02  2.158D-03  5.589D+00
  166  196     0     0  con    0  1.0D+00  5.3D-02  2.299D-03  5.589D+00
  167  197     0     0  con    0  1.0D+00  1.5D-01  6.394D-03  5.589D+00
  168  198     0     0  con    0  1.0D+00  6.0D-02  1.874D-03  5.589D+00
  169  200     0     0  con    1  3.5D-01  5.4D-02  9.026D-04  5.589D+00
  170  202     0     0  con    1  4.3D-01  5.6D-02  2.149D-03  5.589D+00
  171  203     0     0  con    0  1.0D+00  5.4D-02  2.607D-03  5.589D+00
  172  204     0     0  con    0  1.0D+00  1.8D-02  9.140D-04  5.589D+00
  173  205     0     0  con    0  1.0D+00  3.4D-02  2.054D-03  5.589D+00
  174  206     0     0  con    0  1.0D+00  4.3D-03  8.524D-04  5.589D+00
  175  207     0     0  con    0  1.0D+00  2.1D-02  6.409D-04  5.589D+00
  176  208     0     0  con    0  1.0D+00  9.0D-03  3.510D-04  5.589D+00
  177  209     0     0  con    0  1.0D+00  2.9D-02  8.670D-04  5.589D+00
  178  210     0     0  con    0  1.0D+00  8.7D-03  3.012D-04  5.589D+00
  179  211     0     0  con    0  1.0D+00  2.3D-02  7.725D-04  5.589D+00
  180  212     0     0  con    0  1.0D+00  2.3D-02  1.335D-03  5.589D+00
  181  213     0     0  con    0  1.0D+00  3.0D-02  1.405D-03  5.589D+00
  182  214     0     0  con    0  1.0D+00  4.5D-02  1.505D-03  5.589D+00
  183  216     0     0  con    1  3.7D-01  3.0D-02  1.296D-03  5.589D+00
  184  217     0     0  con    0  1.0D+00  5.3D-02  1.076D-03  5.589D+00
  185  218     0     0  con    0  1.0D+00  6.1D-02  1.040D-03  5.589D+00
  186  220     0     0  con    1  1.6D-01  4.4D-02  1.028D-03  5.589D+00
  187  221     0     0  con    0  1.0D+00  6.0D-02  1.673D-03  5.589D+00
  188  222     0     0  con    0  1.0D+00  2.2D-02  9.464D-04  5.589D+00
  189  223     0     0  con    0  1.0D+00  6.5D-02  1.261D-03  5.589D+00
  190  224     0     0  con    0  1.0D+00  7.4D-02  1.571D-03  5.589D+00
  191  226     0     0  con    1  3.6D-01  4.8D-03  3.971D-04  5.589D+00
  192  227     0     0  con    0  1.0D+00  2.7D-02  5.926D-04  5.589D+00
  193  228     0     0  con    0  1.0D+00  3.8D-03  2.662D-04  5.589D+00
  194  229     0     0  con    0  1.0D+00  1.9D-03  2.118D-04  5.589D+00
  195  230     0     0  con    0  1.0D+00  3.3D-02  6.351D-04  5.589D+00
  196  231     0     0  con    0  1.0D+00  1.3D-02  4.341D-04  5.589D+00
  197  232     0     0  con    0  1.0D+00  4.8D-02  6.134D-04  5.589D+00
  198  233     0     0  con    0  1.0D+00  2.8D-02  4.755D-04  5.589D+00
  199  234     0     0  con    0  1.0D+00  2.0D-02  5.094D-04  5.589D+00
  200  235     0     0  con    0  1.0D+00  7.2D-02  1.939D-03  5.589D+00
  201  236     0     0  con    0  1.0D+00  2.3D-02  1.050D-03  5.589D+00
  202  237     0     0  con    0  1.0D+00  3.7D-03  1.749D-04  5.589D+00
  203  238     0     0  con    0  1.0D+00  8.9D-03  1.792D-04  5.589D+00
  204  239     0     0  con    0  1.0D+00  3.6D-02  6.442D-04  5.589D+00
  205  240     0     0  con    0  1.0D+00  7.7D-03  8.145D-04  5.589D+00
  206  241     0     0  con    0  1.0D+00  2.2D-02  1.415D-04  5.589D+00
  207  242     0     0  con    0  1.0D+00  3.0D-03  5.871D-04  5.589D+00
  208  243     0     0  con    0  1.0D+00  2.8D-03  6.983D-04  5.589D+00
  209  245     0     0  con    1  4.9D-01  8.0D-03  1.208D-03  5.589D+00
  210  246     0     0  con    0  1.0D+00  2.5D-03  4.585D-04  5.589D+00
  211  247     0     0  con    0  1.0D+00  2.9D-03  1.512D-04  5.589D+00
  212  248     0     0  con    0  1.0D+00  8.5D-04  3.372D-04  5.589D+00
  213  249     0     0  con    0  1.0D+00  1.3D-02  7.220D-04  5.589D+00
  214  250     0     0  con    0  1.0D+00  5.3D-03  3.915D-04  5.589D+00
  215  251     0     0  con    0  1.0D+00  2.7D-02  4.072D-04  5.589D+00
  216  252     0     0  con    0  1.0D+00  5.5D-02  4.618D-04  5.589D+00
  217  254     0     0  con    1  3.5D-01  3.2D-02  8.715D-04  5.589D+00
  218  255     0     0  con    0  1.0D+00  2.5D-02  1.160D-04  5.589D+00
  219  256     0     0  con    0  1.0D+00  3.5D-02  4.333D-04  5.589D+00
  220  257     0     0  con    0  1.0D+00  4.1D-02  6.078D-04  5.589D+00
  221  258     0     0  con    0  1.0D+00  1.4D-02  1.370D-04  5.589D+00
  222  259     0     0  con    0  1.0D+00  3.8D-02  4.434D-04  5.589D+00
  223  260     0     0  con    0  1.0D+00  2.5D-02  3.339D-04  5.589D+00
  224  261     0     0  con    0  1.0D+00  1.7D-02  4.141D-04  5.589D+00
  225  262     0     0  con    0  1.0D+00  6.6D-02  8.229D-04  5.589D+00
  226  263     0     0  con    0  1.0D+00  1.2D-02  8.055D-04  5.589D+00
  227  264     0     0  con    0  1.0D+00  2.3D-02  2.775D-04  5.589D+00
  228  265     0     0  con    0  1.0D+00  3.4D-02  4.645D-04  5.589D+00
  229  267     0     0  con    1  1.9D-01  2.3D-02  4.992D-04  5.589D+00
  230  268     0     0  con    0  1.0D+00  3.7D-02  5.390D-04  5.589D+00
  231  269     0     0  con    0  1.0D+00  4.0D-02  7.096D-04  5.589D+00
  232  270     0     0  con    0  1.0D+00  4.4D-03  2.269D-04  5.589D+00
  233  272     0     0  con    1  5.0D-01  2.5D-02  2.592D-04  5.589D+00
  234  273     0     0  con    0  1.0D+00  2.4D-02  2.555D-04  5.589D+00
  235  274     0     0  con    0  1.0D+00  3.0D-02  7.665D-04  5.589D+00
  236  275     0     0  con    0  1.0D+00  9.2D-03  5.516D-04  5.589D+00
  237  276     0     0  con    0  1.0D+00  1.1D-02  1.915D-04  5.589D+00
  238  277     0     0  con    0  1.0D+00  3.6D-03  1.103D-04  5.589D+00
  239  278     0     0  con    0  1.0D+00  5.1D-03  1.992D-04  5.589D+00
  240  279     0     0  con    0  1.0D+00  3.9D-02  6.886D-04  5.589D+00
  241  280     0     0  con    0  1.0D+00  1.1D-02  1.674D-04  5.589D+00
  242  281     0     0  con    0  1.0D+00  9.0D-03  9.788D-05  5.589D+00
  243  282     0     0  con    0  1.0D+00  2.7D-02  1.328D-04  5.589D+00
  244  284     0     0  con    1  2.6D-01  2.0D-03  1.595D-04  5.589D+00
  245  285     0     0  con    0  1.0D+00  1.9D-02  3.119D-04  5.589D+00
  246  287     0     0  con    1  4.2D-01  1.9D-02  4.332D-04  5.589D+00
  247  288     0     0  con    0  1.0D+00  1.2D-03  1.291D-04  5.589D+00
  248  289     0     0  con    0  1.0D+00  7.2D-03  1.139D-04  5.589D+00
  249  290     0     0  con    0  1.0D+00  3.8D-02  1.326D-04  5.589D+00
  250  291     0     0  con    0  1.0D+00  3.6D-02  5.548D-04  5.589D+00
  251  292     0     0  con    0  1.0D+00  1.0D-02  1.370D-04  5.589D+00
  252  294     0     0  con    1  2.2D-01  2.3D-02  3.755D-04  5.589D+00
  253  295     0     0  con    0  1.0D+00  1.5D-02  3.070D-04  5.589D+00
  254  297     0     0  con    1  5.2D-01  2.9D-02  2.591D-04  5.589D+00
  255  298     0     0  con    0  1.0D+00  7.6D-03  1.503D-04  5.589D+00
  256  299     0     0  con    0  1.0D+00  8.2D-03  1.218D-04  5.589D+00
  257  301     0     0  con    1  4.4D-01  2.3D-02  1.767D-04  5.589D+00
  258  303     0     0  con    1  2.7D-01  8.0D-03  1.452D-04  5.589D+00
  259  304     0     0  con    0  1.0D+00  3.5D-02  1.111D-04  5.589D+00
  260  305     0     0  con    0  1.0D+00  1.9D-02  1.260D-04  5.589D+00
  261  307     0     0  con    1  1.6D-01  3.2D-02  3.539D-04  5.589D+00
  262  308     0     0  con    0  1.0D+00  3.1D-02  2.914D-04  5.589D+00
  263  309     0     0  con    0  1.0D+00  2.2D-02  2.030D-04  5.589D+00
  264  310     0     0  con    0  1.0D+00  1.7D-03  1.061D-04  5.589D+00
  265  311     0     0  con    0  1.0D+00  2.8D-02  2.692D-04  5.589D+00
  266  313     0     0  con    1  3.9D-01  2.3D-02  3.818D-04  5.589D+00
  267  314     0     0  con    0  1.0D+00  3.6D-02  3.167D-04  5.589D+00
  268  316     0     0  con    1  4.8D-01  1.1D-03  1.847D-04  5.589D+00
  269  317     0     0  con    0  1.0D+00  1.3D-02  1.999D-04  5.589D+00
  270  319     0     0  con    1  4.2D-01  3.2D-02  3.244D-04  5.589D+00
  271  321     0     0  con    1  2.6D-01  2.5D-02  1.866D-04  5.589D+00
  272  322     0     0  con    0  1.0D+00  5.0D-03  1.720D-04  5.589D+00
  273  323     0     0  con    0  1.0D+00  1.7D-02  6.022D-05  5.589D+00
  274  324     0     0  con    0  1.0D+00  7.1D-03  6.262D-05  5.589D+00
  275  325     0     0  con    0  1.0D+00  6.0D-03  6.262D-05  5.589D+00
  276  326     0     0  con    0  1.0D+00  2.1D-02  1.099D-04  5.589D+00
  277  327     0     0  con    0  1.0D+00  1.3D-03  7.132D-05  5.589D+00
  278  328     0     0  con    0  1.0D+00  3.0D-02  7.629D-05  5.589D+00
  279  329     0     0  con    0  1.0D+00  2.8D-02  2.279D-04  5.589D+00
  280  330     0     0  con    0  1.0D+00  1.6D-02  1.847D-04  5.589D+00
  281  332     0     0  con    1  1.1D-01  4.8D-03  1.295D-04  5.589D+00
  282  333     0     0  con    0  1.0D+00  2.1D-03  1.143D-04  5.589D+00
  283  334     0     0  con    0  1.0D+00  4.7D-03  1.394D-05  5.589D+00
  284  336     0     0  con    1  4.7D-02  5.3D-03  1.110D-04  5.589D+00
  285  337     0     0  con    0  1.0D+00  3.4D-04  7.931D-05  5.589D+00
  286  338     0     0  con    0  1.0D+00  4.2D-03  2.123D-05  5.589D+00
  287  339     0     0  con    0  1.0D+00  1.0D-03  4.912D-05  5.589D+00
  288  340     0     0  con    0  1.0D+00  3.8D-04  2.878D-05  5.589D+00
  289  341     0     0  con    0  1.0D+00  3.3D-03  6.812D-05  5.589D+00
  290  344     0     0  con    2  2.2D+00  1.1D-02  8.065D-05  5.589D+00
  291  345     0     0  con    0  1.0D+00  3.0D-03  1.368D-05  5.589D+00
  292  347     0     0  con    1  5.0D+00  1.2D-02  1.283D-04  5.589D+00
  293  349     0     0  con    1  4.1D-01  1.1D-02  1.606D-04  5.589D+00
  294  350     0     0  con    0  1.0D+00  1.5D-02  1.508D-04  5.589D+00
  295  351     0     0  con    0  1.0D+00  4.9D-03  7.523D-05  5.589D+00
  296  352     0     0  con    0  1.0D+00  6.4D-03  2.816D-05  5.589D+00
  297  353     0     0  con    0  1.0D+00  3.7D-02  1.754D-04  5.589D+00
  298  355     0     0  con    1  1.4D-01  1.2D-02  2.142D-04  5.589D+00
  299  357     0     0  con    1  5.0D+00  4.4D-02  2.511D-04  5.589D+00
  300  359     0     0  con    1  2.3D-01  2.4D-02  2.291D-04  5.589D+00
  301  360     0     0  con    0  1.0D+00  1.3D-02  1.523D-04  5.589D+00
  302  363     0     0  con    2  2.2D-01  4.3D-03  1.801D-04  5.589D+00
  303  364     0     0  con    0  1.0D+00  8.3D-04  1.274D-04  5.589D+00
  304  365     0     0  con    0  1.0D+00  7.8D-03  3.268D-05  5.589D+00
  305  366     0     0  con    0  1.0D+00  1.7D-04  6.386D-05  5.589D+00
  306  368     0     0  con    1  8.5D-02  3.9D-03  2.246D-04  5.589D+00
  307  369     0     0  con    0  1.0D+00  4.6D-04  1.453D-04  5.589D+00
  308  370     0     0  con    0  1.0D+00  2.0D-03  1.094D-04  5.589D+00
  309  371     0     0  con    0  1.0D+00  2.0D-03  7.301D-05  5.589D+00
  310  372     0     0  con    0  1.0D+00  3.8D-04  3.011D-05  5.589D+00
  311  373     0     0  con    0  1.0D+00  2.1D-03  9.139D-05  5.589D+00
  312  374     0     0  con    0  1.0D+00  1.1D-03  7.017D-05  5.589D+00
  313  375     0     0  con    0  1.0D+00  4.7D-04  4.494D-05  5.589D+00
  314  376     0     0  con    0  1.0D+00  6.3D-04  1.865D-05  5.589D+00
  315  378     0     0  con    1  3.3D-01  3.3D-03  6.377D-05  5.589D+00
  316  381     0     0  con    2  2.3D+00  6.0D-03  7.674D-05  5.589D+00
  317  382     0     0  con    0  1.0D+00  1.7D-03  7.869D-05  5.589D+00
  318  384     0     0  con    1  1.8D-01  7.7D-03  7.958D-05  5.589D+00
  319  386     0     0  con    1  2.0D-01  2.8D-04  2.975D-05  5.589D+00
  320  387     0     0  con    0  1.0D+00  3.3D-04  2.087D-05  5.589D+00
  321  388     0     0  con    0  1.0D+00  1.4D-03  1.261D-05  5.589D+00
  322  389     0     0  con    0  1.0D+00  2.2D-03  2.647D-05  5.589D+00
  323  390     0     0  con    0  1.0D+00  5.9D-04  3.473D-05  5.589D+00
  324  394     0     0  con    3  1.1D+00  2.3D-03  8.065D-05  5.589D+00
  325  396     0     0  con    1  4.5D-01  4.8D-03  1.028D-04  5.589D+00
  326  397     0     0  con    0  1.0D+00  1.0D-03  3.366D-05  5.589D+00
  327  399     0     0  con    1  2.1D-01  3.3D-04  2.487D-05  5.589D+00
  328  400     0     0  con    0  1.0D+00  7.1D-04  5.098D-05  5.589D+00
  329  401     0     0  con    0  1.0D+00  3.8D-04  2.958D-05  5.589D+00
  330  402     0     0  con    0  1.0D+00  1.8D-03  4.619D-06  5.589D+00
  331  404     0     0  con    1  5.0D+00  7.7D-03  1.608D-05  5.589D+00
  332  406     0     0  con    1  2.1D-01  3.1D-03  6.191D-05  5.589D+00
  333  409     0     0  con    2  6.5D-01  1.1D-02  1.114D-04  5.589D+00
  334  410     0     0  con    0  1.0D+00  3.7D-03  3.855D-05  5.589D+00
  335  414     0     0  con    3  2.5D-01  2.0D-03  2.549D-05  5.589D+00
  336  415     0     0  con    0  1.0D+00  2.1D-03  4.681D-05  5.589D+00
  337  416     0     0  con    0  1.0D+00  1.4D-04  2.647D-05  5.589D+00
  338  418     0     0  con    1  2.5D-01  4.5D-04  9.859D-06  5.589D+00
  339  419     0     0  con    0  1.0D+00  3.0D-04  1.936D-05  5.589D+00
  340  420     0     0  con    0  1.0D+00  8.5D-05  1.386D-05  5.589D+00
  341  422     0     0  con    1  1.2D-01  3.2D-04  1.270D-05  5.589D+00
  342  423     0     0  con    0  1.0D+00  2.0D-04  2.602D-05  5.589D+00
  343  424     0     0  con    0  1.0D+00  1.5D-04  9.770D-06  5.589D+00
  344  425     0     0  con    0  1.0D+00  2.1D-04  4.707D-06  5.589D+00
  345  427     0     0  con    1  2.5D-01  1.4D-04  7.727D-06  5.589D+00
  346  429     0     0  con    1  2.6D-01  2.4D-04  1.803D-05  5.589D+00
  347  430     0     0  con    0  1.0D+00  1.4D-04  8.260D-06  5.589D+00
  348  431     0     0  con    0  1.0D+00  4.5D-05  9.415D-06  5.589D+00
  349  432     0     0  con    0  1.0D+00  8.7D-05  2.229D-05  5.589D+00
  350  433     0     0  con    0  1.0D+00  1.2D-04  1.616D-05  5.589D+00
  351  434     0     0  con    0  1.0D+00  2.5D-04  3.642D-06  5.589D+00
  352  435     0     0  con    0  1.0D+00  1.0D-05  1.030D-05  5.589D+00
  353  437     0     0  con    1  4.5D-02  5.1D-05  2.895D-05  5.589D+00
  354  438     0     0  con    0  1.0D+00  2.7D-05  1.705D-05  5.589D+00
  355  439     0     0  con    0  1.0D+00  9.0D-06  4.619D-06  5.589D+00
  356  440     0     0  con    0  1.0D+00  3.2D-05  1.315D-05  5.589D+00
  357  441     0     0  con    0  1.0D+00  5.8D-05  1.990D-05  5.589D+00
  358  443     0     0  con    1  1.1D-01  8.6D-06  2.327D-05  5.589D+00
  359  444     0     0  con    0  1.0D+00  2.9D-05  2.887D-05  5.589D+00
  360  445     0     0  con    0  1.0D+00  1.9D-05  5.684D-06  5.589D+00
  361  446     0     0  con    0  1.0D+00  6.6D-05  1.252D-05  5.589D+00
  362  447     0     0  con    0  1.0D+00  6.7D-06  6.484D-06  5.589D+00
  363  448     0     0  con    0  1.0D+00  5.6D-05  8.971D-06  5.589D+00
  364  451     0     0  con    2  4.6D-02  6.1D-06  9.592D-06  5.589D+00

CONVERGENCE: REL_REDUCTION_OF_F_<=_FACTR*EPSMCH             

 Total User time 0.000E+00 seconds.

RUNNING THE L-BFGS-B CODE

it    = iteration number
nf    = number of function evaluations
nseg  = number of segments explored during the Cauchy search
nact  = number of active bounds at the generalized Cauchy point
sub   = manner in which the subspace minimization terminated:
        con = converged, bnd = a bound was reached
itls  = number of iterations performed in the line search
stepl = step length used
tstep = norm of the displacement (total step)
projg = norm of the projected gradient
f     = function value

           * * *

Machine precision = 2.220D-16
 N =            9     M =           12

   it   nf  nseg  nact  sub  itls  stepl    tstep     projg        f
    0    1     -     -   -     -     -        -     1.226D-01  5.838D+00
    1    2     1     0  ---    0  4.3D+00  1.0D+00  1.050D-01  5.689D+00
    2    3     0     0  con    0  1.0D+00  1.0D+00  8.917D-02  5.652D+00
    3    4     0     0  con    0  1.0D+00  2.6D-01  1.808D-02  5.631D+00
    4    5     0     0  con    0  1.0D+00  1.5D-01  7.162D-03  5.628D+00
    5    6     0     0  con    0  1.0D+00  2.9D-01  1.372D-02  5.626D+00
    6    7     0     0  con    0  1.0D+00  5.5D-01  4.103D-02  5.624D+00
    7    8     0     0  con    0  1.0D+00  2.2D-01  1.117D-02  5.621D+00
    8    9     0     0  con    0  1.0D+00  5.3D-01  1.195D-02  5.619D+00
    9   10     0     0  con    0  1.0D+00  2.5D-01  6.643D-03  5.619D+00
   10   11     0     0  con    0  1.0D+00  1.5D-01  2.184D-03  5.618D+00
   11   12     0     0  con    0  1.0D+00  1.7D-02  1.890D-03  5.618D+00
   12   13     0     0  con    0  1.0D+00  1.1D-01  1.826D-03  5.618D+00
   13   14     0     0  con    0  1.0D+00  1.6D-01  1.815D-03  5.618D+00
   14   15     0     0  con    0  1.0D+00  1.5D-01  2.072D-03  5.618D+00
   15   16     0     0  con    0  1.0D+00  7.2D-03  3.366D-04  5.618D+00
   16   17     0     0  con    0  1.0D+00  2.2D-02  2.059D-04  5.618D+00
   17   18     0     0  con    0  1.0D+00  4.6D-02  3.365D-04  5.618D+00
   18   22     0     0  con    3  4.1D+00  4.6D-01  2.747D-03  5.618D+00
   19   25     0     0  con    2  4.8D-03  1.6D-02  2.942D-03  5.618D+00
   20   27     0     0  con    1  5.0D+00  9.2D-02  2.752D-03  5.618D+00
   21   29     0     0  con    1  3.7D-01  1.8D-01  3.120D-03  5.618D+00
   22   30     0     0  con    0  1.0D+00  8.4D-02  6.117D-03  5.618D+00
   23   31     0     0  con    0  1.0D+00  1.9D-02  5.860D-03  5.618D+00
   24   32     0     0  con    0  1.0D+00  1.3D-01  2.090D-03  5.618D+00
   25   33     0     0  con    0  1.0D+00  4.6D-02  1.660D-03  5.618D+00
   26   34     0     0  con    0  1.0D+00  6.3D-02  2.375D-03  5.618D+00
   27   35     0     0  con    0  1.0D+00  2.4D-02  2.672D-03  5.618D+00
   28   36     0     0  con    0  1.0D+00  7.4D-02  2.690D-03  5.618D+00
   29   37     0     0  con    0  1.0D+00  1.7D-01  3.189D-03  5.618D+00
   30   38     0     0  con    0  1.0D+00  1.9D-01  2.840D-03  5.618D+00
   31   40     0     0  con    1  2.6D-01  6.1D-02  3.138D-03  5.618D+00
   32   41     0     0  con    0  1.0D+00  1.2D-01  1.179D-03  5.618D+00
   33   42     0     0  con    0  1.0D+00  3.6D-02  5.785D-04  5.618D+00
   34   43     0     0  con    0  1.0D+00  2.8D-02  2.488D-04  5.618D+00
   35   44     0     0  con    0  1.0D+00  6.6D-03  2.848D-04  5.618D+00
   36   45     0     0  con    0  1.0D+00  1.8D-02  5.000D-04  5.618D+00
   37   46     0     0  con    0  1.0D+00  4.9D-02  9.983D-04  5.618D+00
   38   47     0     0  con    0  1.0D+00  1.8D-01  2.694D-03  5.618D+00
   39   48     0     0  con    0  1.0D+00  6.4D-02  2.893D-03  5.617D+00
   40   50     0     0  con    1  2.6D-01  2.2D-01  8.454D-03  5.617D+00
   41   52     0     0  con    1  3.1D-01  2.2D-01  1.769D-02  5.617D+00
   42   54     0     0  con    1  4.9D-01  8.5D-02  1.221D-02  5.617D+00
   43   56     0     0  con    1  3.0D-01  1.9D-01  1.887D-02  5.617D+00
   44   58     0     0  con    1  4.5D-01  3.2D-01  3.034D-02  5.617D+00
   45   60     0     0  con    1  3.0D-01  1.8D-01  2.984D-02  5.617D+00
   46   64     0     0  con    3  1.9D-01  8.5D-01  1.469D-02  5.616D+00
   47   66     0     0  con    1  2.3D-01  1.0D-01  7.830D-03  5.616D+00
   48   68     0     0  con    1  3.9D-01  7.2D-01  4.777D-02  5.615D+00
   49   72     0     0  con    3  1.4D-02  1.1D-01  4.455D-02  5.615D+00
   50   74     0     0  con    1  2.5D-01  2.6D-01  3.214D-02  5.615D+00
   51   75     0     0  con    0  1.0D+00  2.9D-01  9.327D-02  5.614D+00
   52   76     0     0  con    0  1.0D+00  7.9D-02  4.481D-02  5.614D+00
   53   78     0     0  con    1  1.8D-01  8.1D-02  3.774D-02  5.614D+00
   54   79     0     0  con    0  1.0D+00  2.4D-01  8.588D-03  5.614D+00
   55   80     0     0  con    0  1.0D+00  9.2D-02  1.446D-02  5.614D+00
   56   81     0     0  con    0  1.0D+00  1.3D-01  1.630D-02  5.614D+00
   57   82     0     0  con    0  1.0D+00  8.2D-02  6.674D-03  5.614D+00
   58   83     0     0  con    0  1.0D+00  1.2D-01  1.185D-02  5.614D+00
   59   84     0     0  con    0  1.0D+00  6.0D-02  2.762D-02  5.614D+00
   60   85     0     0  con    0  1.0D+00  1.1D-01  1.176D-02  5.614D+00
   61   86     0     0  con    0  1.0D+00  5.4D-02  3.992D-03  5.614D+00
   62   88     0     0  con    1  5.0D+00  1.0D-01  4.549D-03  5.614D+00
   63   89     0     0  con    0  1.0D+00  8.6D-02  5.380D-03  5.614D+00
   64   90     0     0  con    0  1.0D+00  3.4D-02  7.055D-03  5.613D+00
   65   91     0     0  con    0  1.0D+00  1.6D-01  1.110D-02  5.613D+00
   66   92     0     0  con    0  1.0D+00  1.5D-01  2.363D-02  5.613D+00
   67   93     0     0  con    0  1.0D+00  5.1D-02  1.041D-02  5.613D+00
   68   94     0     0  con    0  1.0D+00  4.9D-02  7.010D-03  5.613D+00
   69   95     0     0  con    0  1.0D+00  1.6D-01  1.177D-02  5.613D+00
   70   97     0     0  con    1  3.4D-01  1.2D-01  1.774D-02  5.613D+00
   71   98     0     0  con    0  1.0D+00  1.1D-01  4.052D-02  5.613D+00
   72   99     0     0  con    0  1.0D+00  1.3D-01  3.257D-03  5.613D+00
   73  100     0     0  con    0  1.0D+00  1.5D-01  4.315D-02  5.613D+00
   74  101     0     0  con    0  1.0D+00  8.0D-02  2.350D-02  5.613D+00
   75  103     0     0  con    1  4.0D-01  4.9D-02  3.726D-02  5.613D+00
   76  104     0     0  con    0  1.0D+00  1.4D-01  1.938D-02  5.613D+00
   77  105     0     0  con    0  1.0D+00  7.9D-02  4.721D-02  5.613D+00
   78  106     0     0  con    0  1.0D+00  1.9D-01  1.504D-02  5.613D+00
   79  108     0     0  con    1  4.1D-01  3.3D-02  2.556D-02  5.613D+00
   80  109     0     0  con    0  1.0D+00  8.4D-02  4.916D-02  5.613D+00
   81  110     0     0  con    0  1.0D+00  4.0D-02  8.514D-03  5.613D+00
   82  111     0     0  con    0  1.0D+00  5.9D-02  1.195D-02  5.613D+00
   83  113     0     0  con    1  4.0D-01  5.4D-02  3.100D-02  5.613D+00
   84  114     0     0  con    0  1.0D+00  5.3D-02  2.585D-02  5.613D+00
   85  115     0     0  con    0  1.0D+00  4.5D-02  1.392D-02  5.613D+00
   86  117     0     0  con    1  4.1D-01  6.1D-02  3.326D-02  5.613D+00
   87  118     0     0  con    0  1.0D+00  1.4D-01  1.809D-02  5.613D+00
   88  119     0     0  con    0  1.0D+00  4.9D-02  9.916D-03  5.613D+00
   89  120     0     0  con    0  1.0D+00  2.9D-02  1.082D-02  5.613D+00
   90  121     0     0  con    0  1.0D+00  6.7D-02  4.097D-03  5.612D+00
   91  123     0     0  con    1  1.1D-01  2.6D-02  9.481D-03  5.612D+00
   92  124     0     0  con    0  1.0D+00  3.6D-02  1.359D-02  5.612D+00
   93  125     0     0  con    0  1.0D+00  4.4D-02  1.033D-02  5.612D+00
   94  126     0     0  con    0  1.0D+00  6.8D-02  1.461D-02  5.612D+00
   95  128     0     0  con    1  4.3D-01  1.6D-02  3.163D-03  5.612D+00
   96  129     0     0  con    0  1.0D+00  4.8D-02  7.228D-03  5.612D+00
   97  130     0     0  con    0  1.0D+00  4.2D-03  3.942D-03  5.612D+00
   98  131     0     0  con    0  1.0D+00  1.9D-02  1.101D-03  5.612D+00
   99  132     0     0  con    0  1.0D+00  1.7D-02  1.792D-03  5.612D+00
  100  133     0     0  con    0  1.0D+00  5.1D-02  9.508D-03  5.612D+00
  101  134     0     0  con    0  1.0D+00  2.6D-02  6.916D-03  5.612D+00
  102  135     0     0  con    0  1.0D+00  3.9D-02  1.061D-02  5.612D+00
  103  136     0     0  con    0  1.0D+00  1.6D-02  5.683D-03  5.612D+00
  104  137     0     0  con    0  1.0D+00  1.9D-02  3.425D-03  5.612D+00
  105  138     0     0  con    0  1.0D+00  1.1D-02  4.975D-03  5.612D+00
  106  139     0     0  con    0  1.0D+00  2.4D-02  6.024D-03  5.612D+00
  107  140     0     0  con    0  1.0D+00  3.9D-02  8.823D-03  5.612D+00
  108  141     0     0  con    0  1.0D+00  2.0D-02  2.302D-03  5.612D+00
  109  142     0     0  con    0  1.0D+00  2.5D-02  5.752D-03  5.612D+00
  110  143     0     0  con    0  1.0D+00  1.2D-02  3.502D-03  5.612D+00
  111  144     0     0  con    0  1.0D+00  2.4D-02  3.010D-03  5.612D+00
  112  145     0     0  con    0  1.0D+00  3.5D-02  4.840D-03  5.612D+00
  113  146     0     0  con    0  1.0D+00  3.1D-02  1.218D-03  5.612D+00
  114  148     0     0  con    1  3.0D-01  2.1D-02  3.307D-03  5.612D+00
  115  149     0     0  con    0  1.0D+00  2.1D-02  3.270D-03  5.612D+00
  116  151     0     0  con    1  4.8D-01  9.5D-03  2.468D-03  5.612D+00
  117  152     0     0  con    0  1.0D+00  9.5D-03  1.092D-03  5.612D+00
  118  153     0     0  con    0  1.0D+00  3.4D-02  3.629D-03  5.612D+00
  119  154     0     0  con    0  1.0D+00  3.1D-03  3.614D-04  5.612D+00
  120  155     0     0  con    0  1.0D+00  1.6D-02  3.569D-04  5.612D+00
  121  157     0     0  con    1  2.0D-01  3.3D-02  1.353D-03  5.612D+00
  122  158     0     0  con    0  1.0D+00  2.1D-02  1.747D-03  5.612D+00
  123  159     0     0  con    0  1.0D+00  2.6D-02  1.179D-03  5.612D+00
  124  161     0     0  con    1  2.2D-01  2.1D-02  9.200D-04  5.612D+00
  125  162     0     0  con    0  1.0D+00  5.1D-02  5.466D-03  5.612D+00
  126  163     0     0  con    0  1.0D+00  1.2D-02  1.178D-03  5.612D+00
  127  164     0     0  con    0  1.0D+00  1.7D-02  6.166D-04  5.612D+00
  128  166     0     0  con    1  3.7D-01  3.3D-02  2.122D-03  5.612D+00
  129  167     0     0  con    0  1.0D+00  4.0D-02  4.825D-03  5.612D+00
  130  168     0     0  con    0  1.0D+00  1.1D-02  1.726D-03  5.612D+00
  131  169     0     0  con    0  1.0D+00  4.0D-02  3.006D-03  5.612D+00
  132  171     0     0  con    1  3.3D-01  3.9D-02  4.512D-03  5.612D+00
  133  172     0     0  con    0  1.0D+00  5.5D-02  4.733D-03  5.612D+00
  134  174     0     0  con    1  8.4D-02  1.8D-02  8.999D-03  5.612D+00
  135  176     0     0  con    1  5.0D-01  1.1D-02  3.364D-03  5.612D+00
  136  177     0     0  con    0  1.0D+00  7.8D-02  5.219D-03  5.612D+00
  137  179     0     0  con    1  3.4D-01  6.3D-02  1.277D-02  5.612D+00
  138  180     0     0  con    0  1.0D+00  1.1D-01  1.346D-02  5.612D+00
  139  182     0     0  con    1  5.2D-01  1.1D-01  6.950D-03  5.612D+00
  140  184     0     0  con    1  4.8D-01  1.3D-01  7.256D-03  5.612D+00
  141  185     0     0  con    0  1.0D+00  2.3D-01  2.483D-02  5.612D+00
  142  186     0     0  con    0  1.0D+00  1.4D-01  3.175D-02  5.612D+00
  143  188     0     0  con    1  3.9D-01  1.6D-02  1.558D-02  5.612D+00
  144  190     0     0  con    1  4.7D-01  1.3D-01  1.134D-02  5.612D+00
  145  191     0     0  con    0  1.0D+00  8.3D-02  1.187D-02  5.612D+00
  146  192     0     0  con    0  1.0D+00  1.6D-01  8.447D-03  5.612D+00
  147  193     0     0  con    0  1.0D+00  1.6D-01  1.128D-02  5.612D+00
  148  194     0     0  con    0  1.0D+00  1.5D-01  1.204D-02  5.612D+00
  149  196     0     0  con    1  5.2D-01  5.0D-02  7.810D-03  5.612D+00
  150  197     0     0  con    0  1.0D+00  1.1D-02  4.987D-03  5.612D+00
  151  198     0     0  con    0  1.0D+00  1.1D-01  4.665D-03  5.612D+00
  152  199     0     0  con    0  1.0D+00  9.2D-02  8.538D-03  5.612D+00
  153  200     0     0  con    0  1.0D+00  2.6D-01  1.632D-02  5.612D+00
  154  202     0     0  con    1  3.2D-01  1.3D-01  4.211D-02  5.612D+00
  155  203     0     0  con    0  1.0D+00  2.7D-01  5.635D-03  5.612D+00
  156  204     0     0  con    0  1.0D+00  2.9D-01  6.112D-02  5.612D+00
  157  205     0     0  con    0  1.0D+00  1.3D-01  1.472D-02  5.612D+00
  158  206     0     0  con    0  1.0D+00  8.1D-02  4.880D-03  5.612D+00
  159  207     0     0  con    0  1.0D+00  1.4D-01  4.875D-03  5.612D+00
  160  209     0     0  con    1  3.8D-01  7.2D-02  1.240D-02  5.612D+00
  161  210     0     0  con    0  1.0D+00  6.0D-02  8.610D-03  5.612D+00
  162  211     0     0  con    0  1.0D+00  1.6D-01  2.044D-02  5.612D+00
  163  212     0     0  con    0  1.0D+00  1.4D-02  3.604D-03  5.612D+00
  164  213     0     0  con    0  1.0D+00  1.5D-01  1.147D-02  5.612D+00
  165  214     0     0  con    0  1.0D+00  4.8D-02  1.906D-03  5.612D+00
  166  215     0     0  con    0  1.0D+00  6.4D-02  3.272D-03  5.612D+00
  167  217     0     0  con    1  4.0D-01  1.1D-02  1.810D-03  5.612D+00
  168  218     0     0  con    0  1.0D+00  4.6D-02  7.964D-04  5.612D+00
  169  220     0     0  con    1  5.0D-01  8.0D-02  4.542D-03  5.612D+00
  170  221     0     0  con    0  1.0D+00  9.7D-02  5.208D-03  5.612D+00
  171  222     0     0  con    0  1.0D+00  4.8D-02  1.841D-03  5.612D+00
  172  224     0     0  con    1  4.9D-01  7.6D-02  4.930D-03  5.612D+00
  173  225     0     0  con    0  1.0D+00  5.4D-02  3.046D-03  5.612D+00
  174  226     0     0  con    0  1.0D+00  1.5D-01  4.928D-03  5.612D+00
  175  227     0     0  con    0  1.0D+00  6.6D-02  8.058D-04  5.612D+00
  176  228     0     0  con    0  1.0D+00  1.5D-01  4.813D-03  5.612D+00
  177  229     0     0  con    0  1.0D+00  1.2D-02  1.644D-03  5.612D+00
  178  230     0     0  con    0  1.0D+00  8.8D-02  1.303D-03  5.612D+00
  179  232     0     0  con    1  2.2D-01  9.0D-02  2.676D-03  5.612D+00
  180  233     0     0  con    0  1.0D+00  8.5D-02  1.872D-03  5.612D+00
  181  234     0     0  con    0  1.0D+00  8.8D-02  1.423D-03  5.612D+00
  182  235     0     0  con    0  1.0D+00  1.2D-01  3.607D-04  5.612D+00
  183  237     0     0  con    1  3.9D-01  6.9D-02  1.827D-03  5.612D+00
  184  238     0     0  con    0  1.0D+00  7.6D-02  4.746D-04  5.612D+00
  185  239     0     0  con    0  1.0D+00  1.5D-01  1.512D-03  5.612D+00
  186  240     0     0  con    0  1.0D+00  1.0D-03  4.441D-04  5.612D+00
  187  242     0     0  con    1  5.0D-01  6.2D-02  4.677D-04  5.612D+00
  188  243     0     0  con    0  1.0D+00  7.2D-02  7.446D-04  5.612D+00
  189  244     0     0  con    0  1.0D+00  7.7D-03  1.852D-04  5.612D+00
  190  245     0     0  con    0  1.0D+00  4.3D-02  4.630D-04  5.612D+00
  191  247     0     0  con    1  5.0D+00  1.4D-01  1.427D-03  5.612D+00
  192  248     0     0  con    0  1.0D+00  2.1D-02  9.008D-04  5.612D+00
  193  250     0     0  con    1  2.8D-01  8.7D-02  9.594D-04  5.612D+00
  194  251     0     0  con    0  1.0D+00  1.8D-02  1.405D-04  5.612D+00
  195  262     0     0  con   10  3.1D-06  1.4D-07  1.401D-04  5.612D+00

CONVERGENCE: REL_REDUCTION_OF_F_<=_FACTR*EPSMCH             

 Warning:  more than 10 function and gradient
   evaluations in the last line search.  Termination
   may possibly be caused by a bad search direction.

 Total User time 0.000E+00 seconds.

RUNNING THE L-BFGS-B CODE

it    = iteration number
nf    = number of function evaluations
nseg  = number of segments explored during the Cauchy search
nact  = number of active bounds at the generalized Cauchy point
sub   = manner in which the subspace minimization terminated:
        con = converged, bnd = a bound was reached
itls  = number of iterations performed in the line search
stepl = step length used
tstep = norm of the displacement (total step)
projg = norm of the projected gradient
f     = function value

           * * *

Machine precision = 2.220D-16
 N =           12     M =           12

   it   nf  nseg  nact  sub  itls  stepl    tstep     projg        f
    0    1     -     -   -     -     -        -     1.759D-01  5.003D+00
    1    2     1     0  ---    0  3.5D+00  1.0D+00  1.093D-01  4.948D+00
    2    3     0     0  con    0  1.0D+00  3.3D-01  4.253D-02  4.905D+00
    3    4     0     0  con    0  1.0D+00  2.2D-01  2.406D-02  4.894D+00
    4    5     0     0  con    0  1.0D+00  2.1D-01  1.367D-02  4.890D+00
    5    6     0     0  con    0  1.0D+00  6.2D-02  6.812D-03  4.890D+00
    6    7     0     0  con    0  1.0D+00  2.6D-02  2.056D-03  4.890D+00
    7    8     0     0  con    0  1.0D+00  1.1D-02  1.998D-03  4.890D+00
    8    9     0     0  con    0  1.0D+00  6.4D-02  4.396D-03  4.889D+00
    9   10     0     0  con    0  1.0D+00  1.6D-01  8.013D-03  4.889D+00
   10   11     0     0  con    0  1.0D+00  3.7D-01  1.211D-02  4.889D+00
   11   12     0     0  con    0  1.0D+00  3.1D-01  9.643D-03  4.888D+00
   12   13     0     0  con    0  1.0D+00  3.3D-01  5.241D-03  4.888D+00
   13   14     0     0  con    0  1.0D+00  4.1D-02  5.810D-03  4.888D+00
   14   15     0     0  con    0  1.0D+00  2.2D-02  7.199D-04  4.887D+00
   15   16     0     0  con    0  1.0D+00  1.3D-02  4.940D-04  4.887D+00
   16   17     0     0  con    0  1.0D+00  2.8D-02  4.046D-04  4.887D+00
   17   18     0     0  con    0  1.0D+00  4.6D-02  3.953D-04  4.887D+00
   18   19     0     0  con    0  1.0D+00  6.0D-02  5.167D-04  4.887D+00
   19   20     0     0  con    0  1.0D+00  4.6D-02  3.866D-04  4.887D+00
   20   24     0     0  con    3  3.7D+00  6.9D-01  6.193D-03  4.887D+00
   21   27     0     0  con    2  1.5D-03  9.4D-03  6.344D-03  4.887D+00
   22   28     0     0  con    0  1.0D+00  7.5D-02  5.601D-03  4.887D+00
   23   29     0     0  con    0  1.0D+00  2.0D-01  3.034D-03  4.887D+00
   24   30     0     0  con    0  1.0D+00  2.4D-02  2.906D-03  4.887D+00
   25   31     0     0  con    0  1.0D+00  5.9D-02  1.788D-03  4.887D+00
   26   32     0     0  con    0  1.0D+00  2.4D-02  1.151D-03  4.887D+00
   27   33     0     0  con    0  1.0D+00  4.9D-02  1.069D-03  4.887D+00
   28   34     0     0  con    0  1.0D+00  1.2D-01  2.123D-03  4.887D+00
   29   37     0     0  con    2  6.5D-01  3.4D-01  9.478D-03  4.887D+00
   30   39     0     0  con    1  3.9D-01  1.4D-01  1.166D-02  4.887D+00
   31   40     0     0  con    0  1.0D+00  1.6D-01  2.686D-03  4.887D+00
   32   42     0     0  con    1  3.8D-01  1.7D-01  5.978D-03  4.887D+00
   33   44     0     0  con    1  4.3D-01  5.5D-02  2.431D-03  4.887D+00
   34   45     0     0  con    0  1.0D+00  9.2D-02  1.893D-03  4.887D+00
   35   46     0     0  con    0  1.0D+00  1.2D-01  1.532D-03  4.887D+00
   36   47     0     0  con    0  1.0D+00  6.1D-02  1.628D-03  4.886D+00
   37   48     0     0  con    0  1.0D+00  3.1D-01  5.319D-03  4.886D+00
   38   51     0     0  con    2  1.9D-01  2.6D-01  1.602D-02  4.886D+00
   39   54     0     0  con    2  6.8D-02  1.0D-01  2.463D-02  4.886D+00
   40   55     0     0  con    0  1.0D+00  9.7D-02  2.022D-02  4.886D+00
   41   56     0     0  con    0  1.0D+00  1.6D-01  1.566D-02  4.886D+00
   42   57     0     0  con    0  1.0D+00  3.3D-01  7.305D-03  4.885D+00
   43   59     0     0  con    1  3.1D-01  2.0D-01  2.575D-02  4.885D+00
   44   61     0     0  con    1  4.0D-01  4.4D-01  2.872D-02  4.884D+00
   45   63     0     0  con    1  2.1D-01  1.7D-01  2.164D-02  4.884D+00
   46   64     0     0  con    0  1.0D+00  2.9D-01  3.561D-02  4.883D+00
   47   66     0     0  con    1  1.6D-01  2.7D-01  2.029D-02  4.883D+00
   48   67     0     0  con    0  1.0D+00  2.4D-01  4.130D-02  4.883D+00
   49   69     0     0  con    1  2.9D-01  1.8D-01  2.795D-02  4.883D+00
   50   71     0     0  con    1  3.1D-01  3.4D-01  6.563D-02  4.882D+00
   51   72     0     0  con    0  1.0D+00  7.0D-01  9.326D-02  4.882D+00
   52   73     0     0  con    0  1.0D+00  1.1D-01  7.052D-02  4.882D+00
   53   74     0     0  con    0  1.0D+00  1.1D-01  1.018D-02  4.882D+00
   54   75     0     0  con    0  1.0D+00  2.1D-01  2.552D-02  4.881D+00
   55   76     0     0  con    0  1.0D+00  2.2D-01  1.074D-02  4.881D+00
   56   77     0     0  con    0  1.0D+00  9.7D-02  7.104D-03  4.881D+00
   57   78     0     0  con    0  1.0D+00  8.3D-02  2.329D-02  4.881D+00
   58   79     0     0  con    0  1.0D+00  1.1D-01  1.594D-02  4.881D+00
   59   80     0     0  con    0  1.0D+00  1.5D-01  7.173D-02  4.881D+00
   60   81     0     0  con    0  1.0D+00  1.1D-01  1.295D-02  4.881D+00
   61   82     0     0  con    0  1.0D+00  1.0D-01  1.364D-02  4.881D+00
   62   83     0     0  con    0  1.0D+00  4.3D-02  1.116D-02  4.881D+00
   63   84     0     0  con    0  1.0D+00  3.5D-02  1.235D-02  4.880D+00
   64   85     0     0  con    0  1.0D+00  1.8D-01  1.531D-02  4.880D+00
   65   87     0     0  con    1  3.3D-01  2.1D-01  1.834D-02  4.880D+00
   66   88     0     0  con    0  1.0D+00  9.7D-01  5.969D-02  4.879D+00
   67   90     0     0  con    1  3.0D-01  1.6D-01  1.846D-02  4.879D+00
   68   91     0     0  con    0  1.0D+00  1.6D-01  1.671D-02  4.879D+00
   69   93     0     0  con    1  2.9D-01  2.9D-02  5.447D-02  4.879D+00
   70   94     0     0  con    0  1.0D+00  2.3D-01  6.433D-02  4.879D+00
   71   95     0     0  con    0  1.0D+00  6.5D-02  6.415D-03  4.879D+00
   72   96     0     0  con    0  1.0D+00  1.3D-01  9.010D-03  4.879D+00
   73   97     0     0  con    0  1.0D+00  4.0D-02  1.035D-02  4.879D+00
   74   98     0     0  con    0  1.0D+00  1.1D-01  8.902D-03  4.879D+00
   75   99     0     0  con    0  1.0D+00  2.0D-01  1.822D-02  4.879D+00
   76  100     0     0  con    0  1.0D+00  1.2D-01  4.264D-03  4.879D+00
   77  101     0     0  con    0  1.0D+00  4.8D-02  1.045D-02  4.879D+00
   78  102     0     0  con    0  1.0D+00  1.1D-02  7.192D-03  4.879D+00
   79  103     0     0  con    0  1.0D+00  1.6D-01  4.557D-02  4.879D+00
   80  104     0     0  con    0  1.0D+00  7.7D-02  2.579D-02  4.879D+00
   81  105     0     0  con    0  1.0D+00  3.1D-02  1.243D-02  4.879D+00
   82  106     0     0  con    0  1.0D+00  2.0D-01  2.380D-02  4.879D+00
   83  107     0     0  con    0  1.0D+00  6.5D-02  1.556D-02  4.879D+00
   84  108     0     0  con    0  1.0D+00  2.1D-01  2.586D-02  4.879D+00
   85  109     0     0  con    0  1.0D+00  1.5D-01  1.824D-02  4.879D+00
   86  111     0     0  con    1  1.4D-01  9.4D-02  1.358D-02  4.878D+00
   87  113     0     0  con    1  3.8D-01  7.5D-02  3.523D-02  4.878D+00
   88  114     0     0  con    0  1.0D+00  4.1D-02  3.053D-02  4.878D+00
   89  115     0     0  con    0  1.0D+00  2.1D-01  4.971D-03  4.878D+00
   90  116     0     0  con    0  1.0D+00  7.4D-02  4.634D-02  4.878D+00
   91  117     0     0  con    0  1.0D+00  1.9D-02  2.109D-02  4.878D+00
   92  118     0     0  con    0  1.0D+00  3.5D-02  3.544D-03  4.878D+00
   93  119     0     0  con    0  1.0D+00  6.8D-02  1.793D-02  4.878D+00
   94  120     0     0  con    0  1.0D+00  5.1D-02  1.163D-02  4.878D+00
   95  122     0     0  con    1  3.7D-01  9.5D-03  3.781D-03  4.878D+00
   96  123     0     0  con    0  1.0D+00  1.9D-02  3.250D-03  4.878D+00
   97  124     0     0  con    0  1.0D+00  5.7D-02  7.314D-03  4.878D+00
   98  125     0     0  con    0  1.0D+00  4.8D-02  1.201D-02  4.878D+00
   99  126     0     0  con    0  1.0D+00  8.3D-02  3.877D-02  4.878D+00
  100  127     0     0  con    0  1.0D+00  4.4D-02  1.484D-02  4.878D+00
  101  128     0     0  con    0  1.0D+00  3.5D-02  4.914D-03  4.878D+00
  102  129     0     0  con    0  1.0D+00  2.0D-02  9.814D-03  4.878D+00
  103  130     0     0  con    0  1.0D+00  1.9D-02  1.054D-02  4.878D+00
  104  132     0     0  con    1  1.0D-01  2.7D-02  1.443D-02  4.878D+00
  105  133     0     0  con    0  1.0D+00  3.7D-02  1.005D-02  4.878D+00
  106  134     0     0  con    0  1.0D+00  4.8D-02  6.489D-03  4.878D+00
  107  135     0     0  con    0  1.0D+00  5.3D-02  4.724D-03  4.878D+00
  108  136     0     0  con    0  1.0D+00  5.1D-02  2.192D-03  4.878D+00
  109  138     0     0  con    1  1.2D-01  2.8D-02  6.797D-03  4.878D+00
  110  139     0     0  con    0  1.0D+00  6.3D-02  1.302D-02  4.878D+00
  111  140     0     0  con    0  1.0D+00  4.5D-02  2.983D-03  4.878D+00
  112  141     0     0  con    0  1.0D+00  9.9D-02  1.268D-02  4.878D+00
  113  142     0     0  con    0  1.0D+00  7.3D-02  7.465D-03  4.878D+00
  114  144     0     0  con    1  4.5D-01  6.8D-02  5.834D-03  4.878D+00
  115  145     0     0  con    0  1.0D+00  7.3D-02  4.145D-03  4.878D+00
  116  147     0     0  con    1  2.1D-01  4.2D-02  7.030D-03  4.878D+00
  117  148     0     0  con    0  1.0D+00  2.8D-02  1.725D-02  4.878D+00
  118  149     0     0  con    0  1.0D+00  1.3D-01  5.169D-03  4.878D+00
  119  150     0     0  con    0  1.0D+00  1.7D-02  6.632D-03  4.878D+00
  120  151     0     0  con    0  1.0D+00  6.2D-02  6.317D-03  4.878D+00
  121  153     0     0  con    1  4.3D-01  8.3D-02  1.627D-02  4.878D+00
  122  154     0     0  con    0  1.0D+00  1.1D-01  8.855D-03  4.878D+00
  123  155     0     0  con    0  1.0D+00  8.3D-02  7.131D-03  4.878D+00
  124  156     0     0  con    0  1.0D+00  3.4D-02  9.476D-03  4.878D+00
  125  157     0     0  con    0  1.0D+00  8.0D-02  9.693D-03  4.878D+00
  126  159     0     0  con    1  4.8D-01  8.1D-02  1.247D-02  4.878D+00
  127  161     0     0  con    1  4.7D-01  3.2D-02  5.641D-04  4.878D+00
  128  162     0     0  con    0  1.0D+00  8.5D-03  1.084D-03  4.878D+00
  129  164     0     0  con    1  3.5D-01  2.4D-03  3.809D-03  4.878D+00
  130  165     0     0  con    0  1.0D+00  6.8D-03  2.166D-03  4.878D+00
  131  166     0     0  con    0  1.0D+00  2.2D-03  1.672D-03  4.878D+00
  132  167     0     0  con    0  1.0D+00  8.0D-03  9.180D-04  4.878D+00
  133  168     0     0  con    0  1.0D+00  1.3D-02  1.853D-03  4.878D+00
  134  170     0     0  con    1  3.3D-01  3.8D-02  5.734D-03  4.878D+00
  135  171     0     0  con    0  1.0D+00  1.8D-02  2.559D-03  4.878D+00
  136  172     0     0  con    0  1.0D+00  1.9D-02  1.858D-03  4.878D+00
  137  173     0     0  con    0  1.0D+00  1.9D-02  1.646D-03  4.878D+00
  138  174     0     0  con    0  1.0D+00  2.4D-02  1.782D-03  4.878D+00
  139  176     0     0  con    1  4.7D-01  9.1D-02  6.181D-03  4.878D+00
  140  177     0     0  con    0  1.0D+00  6.9D-02  6.122D-03  4.878D+00
  141  178     0     0  con    0  1.0D+00  2.1D-01  1.427D-02  4.878D+00
  142  180     0     0  con    1  2.7D-01  4.0D-02  4.321D-03  4.878D+00
  143  181     0     0  con    0  1.0D+00  2.0D-01  1.110D-02  4.878D+00
  144  182     0     0  con    0  1.0D+00  1.4D-02  1.878D-02  4.878D+00
  145  183     0     0  con    0  1.0D+00  2.2D-02  9.497D-03  4.878D+00
  146  184     0     0  con    0  1.0D+00  1.1D-01  4.783D-03  4.878D+00
  147  185     0     0  con    0  1.0D+00  8.5D-02  1.009D-02  4.878D+00
  148  186     0     0  con    0  1.0D+00  3.3D-02  3.285D-03  4.878D+00
  149  187     0     0  con    0  1.0D+00  3.5D-02  1.457D-03  4.878D+00
  150  188     0     0  con    0  1.0D+00  1.9D-02  1.122D-03  4.878D+00
  151  189     0     0  con    0  1.0D+00  2.7D-02  9.334D-04  4.878D+00
  152  190     0     0  con    0  1.0D+00  2.8D-02  1.885D-03  4.878D+00
  153  191     0     0  con    0  1.0D+00  3.9D-02  1.487D-03  4.878D+00
  154  192     0     0  con    0  1.0D+00  6.2D-03  1.525D-03  4.878D+00
  155  193     0     0  con    0  1.0D+00  1.1D-02  6.275D-04  4.878D+00
  156  194     0     0  con    0  1.0D+00  9.2D-03  5.431D-04  4.878D+00
  157  195     0     0  con    0  1.0D+00  3.1D-02  1.166D-03  4.878D+00
  158  197     0     0  con    1  1.8D-01  1.0D-02  6.120D-03  4.878D+00
  159  198     0     0  con    0  1.0D+00  3.9D-02  5.806D-03  4.878D+00
  160  199     0     0  con    0  1.0D+00  1.3D-01  8.940D-03  4.878D+00
  161  200     0     0  con    0  1.0D+00  1.6D-01  9.479D-03  4.878D+00
  162  201     0     0  con    0  1.0D+00  4.4D-02  2.699D-03  4.878D+00
  163  202     0     0  con    0  1.0D+00  1.5D-01  1.373D-03  4.878D+00
  164  203     0     0  con    0  1.0D+00  1.2D-01  4.202D-03  4.878D+00
  165  204     0     0  con    0  1.0D+00  2.1D-01  8.690D-03  4.878D+00
  166  205     0     0  con    0  1.0D+00  3.0D-01  1.420D-02  4.878D+00
  167  206     0     0  con    0  1.0D+00  4.9D-02  4.268D-03  4.878D+00
  168  207     0     0  con    0  1.0D+00  5.2D-02  1.932D-03  4.878D+00
  169  208     0     0  con    0  1.0D+00  1.7D-02  1.027D-03  4.878D+00
  170  209     0     0  con    0  1.0D+00  2.5D-02  1.894D-03  4.878D+00
  171  210     0     0  con    0  1.0D+00  1.0D-01  2.459D-03  4.878D+00
  172  211     0     0  con    0  1.0D+00  1.3D-01  3.440D-03  4.878D+00
  173  212     0     0  con    0  1.0D+00  1.5D-01  1.865D-03  4.878D+00
  174  213     0     0  con    0  1.0D+00  5.7D-02  2.231D-03  4.878D+00
  175  215     0     0  con    1  2.3D-01  7.9D-02  4.319D-03  4.878D+00
  176  216     0     0  con    0  1.0D+00  4.3D-02  8.268D-04  4.878D+00
  177  217     0     0  con    0  1.0D+00  2.6D-02  1.466D-03  4.878D+00
  178  218     0     0  con    0  1.0D+00  6.3D-02  2.039D-03  4.878D+00
  179  219     0     0  con    0  1.0D+00  4.4D-02  3.551D-03  4.878D+00
  180  221     0     0  con    1  4.1D-01  9.8D-02  1.968D-03  4.878D+00
  181  222     0     0  con    0  1.0D+00  5.5D-02  1.353D-03  4.878D+00
  182  223     0     0  con    0  1.0D+00  1.5D-01  3.827D-03  4.878D+00
  183  225     0     0  con    1  4.3D-01  1.2D-02  3.539D-04  4.878D+00
  184  226     0     0  con    0  1.0D+00  1.7D-02  3.434D-04  4.878D+00
  185  227     0     0  con    0  1.0D+00  7.1D-02  4.974D-04  4.878D+00
  186  228     0     0  con    0  1.0D+00  2.0D-01  3.939D-03  4.878D+00
  187  229     0     0  con    0  1.0D+00  6.7D-02  1.164D-03  4.878D+00
  188  230     0     0  con    0  1.0D+00  1.3D-02  8.447D-04  4.878D+00
  189  231     0     0  con    0  1.0D+00  1.5D-01  1.441D-03  4.878D+00
  190  232     0     0  con    0  1.0D+00  3.4D-02  7.420D-04  4.878D+00
  191  233     0     0  con    0  1.0D+00  3.6D-02  2.434D-04  4.878D+00
  192  234     0     0  con    0  1.0D+00  6.1D-02  1.288D-03  4.878D+00
  193  235     0     0  con    0  1.0D+00  8.0D-02  2.175D-03  4.878D+00
  194  236     0     0  con    0  1.0D+00  1.1D-02  1.135D-03  4.878D+00
  195  237     0     0  con    0  1.0D+00  1.2D-01  2.609D-04  4.878D+00
  196  238     0     0  con    0  1.0D+00  1.0D-01  1.005D-03  4.878D+00
  197  239     0     0  con    0  1.0D+00  2.6D-02  1.332D-03  4.878D+00
  198  241     0     0  con    1  3.2D-01  9.0D-03  9.408D-04  4.878D+00
  199  242     0     0  con    0  1.0D+00  3.7D-03  5.144D-04  4.878D+00
  200  243     0     0  con    0  1.0D+00  6.3D-02  7.242D-04  4.878D+00
  201  244     0     0  con    0  1.0D+00  5.6D-02  8.378D-04  4.878D+00
  202  246     0     0  con    1  4.4D-01  4.2D-02  1.127D-03  4.878D+00
  203  247     0     0  con    0  1.0D+00  3.1D-03  2.540D-04  4.878D+00
  204  248     0     0  con    0  1.0D+00  2.9D-02  3.203D-04  4.878D+00
  205  249     0     0  con    0  1.0D+00  3.8D-02  7.359D-04  4.878D+00
  206  251     0     0  con    1  2.7D-01  4.9D-02  1.162D-03  4.878D+00
  207  252     0     0  con    0  1.0D+00  5.7D-02  1.155D-03  4.878D+00
  208  253     0     0  con    0  1.0D+00  1.8D-01  2.061D-03  4.878D+00
  209  255     0     0  con    1  4.6D-01  3.1D-02  3.269D-04  4.878D+00
  210  256     0     0  con    0  1.0D+00  2.1D-02  2.969D-04  4.878D+00
  211  257     0     0  con    0  1.0D+00  5.3D-02  2.710D-04  4.878D+00
  212  259     0     0  con    1  8.5D-02  4.6D-03  3.167D-04  4.878D+00
  213  260     0     0  con    0  1.0D+00  1.9D-02  2.295D-04  4.878D+00
  214  261     0     0  con    0  1.0D+00  3.9D-02  1.180D-04  4.878D+00
  215  262     0     0  con    0  1.0D+00  7.4D-03  9.273D-05  4.878D+00
  216  264     0     0  con    1  5.3D-02  2.2D-02  1.715D-04  4.878D+00
  217  265     0     0  con    0  1.0D+00  7.1D-03  1.205D-04  4.878D+00
  218  266     0     0  con    0  1.0D+00  1.1D-03  7.168D-05  4.878D+00
  219  268     0     0  con    1  4.8D-01  6.2D-03  7.629D-05  4.878D+00
  220  270     0     0  con    1  5.0D+00  6.1D-02  2.153D-04  4.878D+00
  221  272     0     0  con    1  4.4D-01  6.6D-02  6.075D-04  4.878D+00
  222  274     0     0  con    1  5.0D-01  4.7D-03  1.150D-04  4.878D+00
  223  275     0     0  con    0  1.0D+00  4.4D-03  5.880D-05  4.878D+00
  224  277     0     0  con    1  2.6D-01  3.9D-02  9.086D-05  4.878D+00
  225  279     0     0  con    1  1.5D-01  3.7D-02  2.235D-04  4.878D+00
  226  280     0     0  con    0  1.0D+00  1.8D-03  1.161D-04  4.878D+00
  227  281     0     0  con    0  1.0D+00  6.3D-02  1.201D-04  4.878D+00
  228  283     0     0  con    1  5.0D+00  3.5D-02  4.014D-04  4.878D+00
  229  284     0     0  con    0  1.0D+00  5.5D-02  6.460D-04  4.878D+00
  230  285     0     0  con    0  1.0D+00  3.2D-02  1.370D-04  4.878D+00
  231  286     0     0  con    0  1.0D+00  3.8D-02  2.694D-04  4.878D+00
  232  293     0     0  con    6  7.4D-01  4.7D-02  4.776D-04  4.878D+00
  233  295     0     0  con    1  2.0D-01  1.5D-02  5.561D-04  4.878D+00
  234  296     0     0  con    0  1.0D+00  4.0D-02  1.146D-04  4.878D+00
  235  298     0     0  con    1  3.8D-01  6.2D-02  1.378D-04  4.878D+00
  236  300     0     0  con    1  5.6D-02  1.0D-03  2.736D-04  4.878D+00
  237  303     0     0  con    2  6.4D-02  3.2D-03  3.003D-04  4.878D+00
  238  304     0     0  con    0  1.0D+00  3.0D-02  3.246D-04  4.878D+00
  239  305     0     0  con    0  1.0D+00  6.7D-02  2.764D-04  4.878D+00
  240  307     0     0  con    1  3.1D-01  1.3D-02  1.633D-04  4.878D+00
  241  308     0     0  con    0  1.0D+00  1.1D-02  8.598D-05  4.878D+00
  242  309     0     0  con    0  1.0D+00  1.4D-03  4.929D-05  4.878D+00
  243  312     0     0  con    2  4.6D-01  5.0D-03  7.567D-05  4.878D+00
  244  313     0     0  con    0  1.0D+00  1.0D-03  1.350D-05  4.878D+00
  245  314     0     0  con    0  1.0D+00  7.1D-05  3.748D-05  4.878D+00
  246  316     0     0  con    1  4.1D-01  1.3D-04  6.670D-05  4.878D+00
  247  318     0     0  con    1  2.9D-01  4.7D-04  2.371D-05  4.878D+00
  248  319     0     0  con    0  1.0D+00  3.1D-03  5.942D-05  4.878D+00
  249  320     0     0  con    0  1.0D+00  1.1D-03  1.071D-04  4.878D+00
  250  321     0     0  con    0  1.0D+00  1.3D-03  3.819D-05  4.878D+00
  251  324     0     0  con    2  1.3D-01  1.3D-04  3.171D-05  4.878D+00
  252  327     0     0  con    2  3.4D-01  4.7D-04  5.507D-06  4.878D+00
  253  331     0     0  con    3  1.3D+00  3.4D-04  2.531D-05  4.878D+00
  254  334     0     0  con    2  1.9D+00  1.7D-03  4.352D-05  4.878D+00
  255  335     0     0  con    0  1.0D+00  3.2D-04  6.750D-06  4.878D+00
  256  338     0     0  con    2  2.3D+00  1.7D-03  7.629D-05  4.878D+00
  257  339     0     0  con    0  1.0D+00  1.4D-03  6.013D-05  4.878D+00
  258  340     0     0  con    0  1.0D+00  1.2D-03  4.601D-05  4.878D+00
  259  341     0     0  con    0  1.0D+00  2.6D-04  4.796D-06  4.878D+00
  260  343     0     0  con    1  2.0D-01  4.1D-04  3.384D-05  4.878D+00
  261  344     0     0  con    0  1.0D+00  7.5D-05  8.260D-06  4.878D+00
  262  346     0     0  con    1  1.0D-01  3.8D-04  4.707D-05  4.878D+00
  263  347     0     0  con    0  1.0D+00  1.3D-04  1.474D-05  4.878D+00
  264  348     0     0  con    0  1.0D+00  3.2D-05  6.573D-06  4.878D+00
  265  349     0     0  con    0  1.0D+00  1.0D-05  3.286D-06  4.878D+00
  266  351     0     0  con    1  9.5D-02  1.1D-04  2.851D-05  4.878D+00
  267  352     0     0  con    0  1.0D+00  8.4D-05  3.109D-05  4.878D+00
  268  356     0     0  con    3  2.9D-01  3.2D-04  3.455D-05  4.878D+00
  269  359     0     0  con    2  6.5D-02  1.6D-04  3.331D-05  4.878D+00
  270  360     0     0  con    0  1.0D+00  1.6D-05  2.087D-05  4.878D+00
  271  362     0     0  con    1  5.0D+00  3.8D-04  1.439D-05  4.878D+00
  272  363     0     0  con    0  1.0D+00  7.6D-05  4.885D-06  4.878D+00
  273  369     0     0  con    5  9.4D-03  3.4D-05  2.576D-06  4.878D+00

CONVERGENCE: REL_REDUCTION_OF_F_<=_FACTR*EPSMCH             

 Total User time 0.000E+00 seconds.

RUNNING THE L-BFGS-B CODE

it    = iteration number
nf    = number of function evaluations
nseg  = number of segments explored during the Cauchy search
nact  = number of active bounds at the generalized Cauchy point
sub   = manner in which the subspace minimization terminated:
        con = converged, bnd = a bound was reached
itls  = number of iterations performed in the line search
stepl = step length used
tstep = norm of the displacement (total step)
projg = norm of the projected gradient
f     = function value

           * * *

Machine precision = 2.220D-16
 N =            9     M =           12

   it   nf  nseg  nact  sub  itls  stepl    tstep     projg        f
    0    1     -     -   -     -     -        -     1.584D-01  5.167D+00
    1    2     1     0  ---    0  4.0D+00  1.0D+00  9.004D-02  5.002D+00
    2    3     0     0  con    0  1.0D+00  1.4D+00  3.118D-02  4.901D+00
    3    4     0     0  con    0  1.0D+00  3.0D-01  3.450D-02  4.898D+00
    4    5     0     0  con    0  1.0D+00  1.2D-01  9.333D-03  4.895D+00
    5    6     0     0  con    0  1.0D+00  7.4D-02  3.154D-03  4.894D+00
    6    7     0     0  con    0  1.0D+00  8.2D-02  1.998D-03  4.894D+00
    7    8     0     0  con    0  1.0D+00  4.3D-02  4.291D-03  4.894D+00
    8    9     0     0  con    0  1.0D+00  2.2D-02  2.898D-03  4.894D+00
    9   10     0     0  con    0  1.0D+00  8.6D-02  6.631D-04  4.894D+00
   10   11     0     0  con    0  1.0D+00  9.2D-03  6.182D-04  4.894D+00
   11   12     0     0  con    0  1.0D+00  1.9D-03  2.261D-04  4.894D+00
   12   13     0     0  con    0  1.0D+00  7.8D-04  1.843D-04  4.894D+00
   13   14     0     0  con    0  1.0D+00  4.9D-03  3.371D-04  4.894D+00
   14   15     0     0  con    0  1.0D+00  1.3D-02  6.645D-04  4.894D+00
   15   16     0     0  con    0  1.0D+00  4.0D-02  1.274D-03  4.894D+00
   16   17     0     0  con    0  1.0D+00  1.2D-01  2.383D-03  4.894D+00
   17   18     0     0  con    0  1.0D+00  4.3D-01  5.096D-03  4.894D+00
   18   20     0     0  con    1  9.4D-02  1.5D-01  5.665D-03  4.894D+00
   19   22     0     0  con    1  4.3D-01  2.6D-01  6.211D-03  4.894D+00
   20   23     0     0  con    0  1.0D+00  3.0D-01  8.017D-03  4.894D+00
   21   24     0     0  con    0  1.0D+00  4.9D-01  1.041D-02  4.894D+00
   22   26     0     0  con    1  4.5D-01  1.5D-01  1.219D-02  4.894D+00
   23   27     0     0  con    0  1.0D+00  3.5D-02  3.525D-03  4.893D+00
   24   28     0     0  con    0  1.0D+00  1.5D-01  5.931D-03  4.893D+00
   25   29     0     0  con    0  1.0D+00  2.7D-01  8.932D-03  4.893D+00
   26   30     0     0  con    0  1.0D+00  2.1D-01  5.518D-03  4.893D+00
   27   31     0     0  con    0  1.0D+00  1.3D-01  2.486D-03  4.893D+00
   28   33     0     0  con    1  4.4D-01  1.8D-01  2.907D-03  4.893D+00
   29   37     0     0  con    3  4.0D+00  1.0D+00  3.321D-02  4.891D+00
   30   40     0     0  con    2  5.3D-02  2.1D-01  5.648D-02  4.891D+00
   31   41     0     0  con    0  1.0D+00  2.6D-01  2.057D-02  4.891D+00
   32   43     0     0  con    1  3.7D-01  1.7D-01  8.845D-03  4.891D+00
   33   45     0     0  con    1  1.8D-01  1.6D-01  2.067D-02  4.890D+00
   34   46     0     0  con    0  1.0D+00  1.0D-01  1.325D-02  4.890D+00
   35   48     0     0  con    1  3.5D-01  1.1D-01  3.227D-02  4.890D+00
   36   49     0     0  con    0  1.0D+00  8.1D-02  8.449D-03  4.889D+00
   37   50     0     0  con    0  1.0D+00  1.9D-01  1.805D-02  4.889D+00
   38   51     0     0  con    0  1.0D+00  4.6D-02  9.709D-03  4.889D+00
   39   53     0     0  con    1  5.1D-01  1.7D-01  2.290D-02  4.888D+00
   40   54     0     0  con    0  1.0D+00  3.8D-01  2.048D-02  4.887D+00
   41   56     0     0  con    1  2.0D-01  4.9D-02  2.085D-02  4.887D+00
   42   57     0     0  con    0  1.0D+00  6.3D-02  2.093D-02  4.886D+00
   43   58     0     0  con    0  1.0D+00  4.8D-02  9.885D-03  4.886D+00
   44   59     0     0  con    0  1.0D+00  8.1D-02  1.119D-02  4.886D+00
   45   60     0     0  con    0  1.0D+00  7.7D-02  7.429D-03  4.886D+00
   46   62     0     0  con    1  4.4D-01  2.6D-01  1.564D-02  4.885D+00
   47   63     0     0  con    0  1.0D+00  3.2D-01  5.663D-02  4.885D+00
   48   64     0     0  con    0  1.0D+00  1.2D-01  9.546D-03  4.884D+00
   49   65     0     0  con    0  1.0D+00  1.2D-01  1.546D-02  4.884D+00
   50   66     0     0  con    0  1.0D+00  8.9D-02  2.482D-02  4.884D+00
   51   67     0     0  con    0  1.0D+00  2.3D-01  5.910D-02  4.884D+00
   52   68     0     0  con    0  1.0D+00  4.3D-02  3.666D-02  4.884D+00
   53   69     0     0  con    0  1.0D+00  2.0D-01  1.435D-02  4.883D+00
   54   71     0     0  con    1  3.9D-01  2.3D-01  4.090D-02  4.883D+00
   55   73     0     0  con    1  3.1D-01  1.7D-01  4.861D-02  4.882D+00
   56   74     0     0  con    0  1.0D+00  2.5D-01  1.821D-02  4.882D+00
   57   75     0     0  con    0  1.0D+00  1.7D-01  2.432D-02  4.882D+00
   58   77     0     0  con    1  4.5D-01  1.3D-01  2.213D-02  4.882D+00
   59   78     0     0  con    0  1.0D+00  1.5D-01  1.427D-02  4.881D+00
   60   79     0     0  con    0  1.0D+00  9.6D-02  1.136D-02  4.881D+00
   61   80     0     0  con    0  1.0D+00  1.3D-01  2.092D-02  4.881D+00
   62   81     0     0  con    0  1.0D+00  4.6D-02  3.401D-03  4.881D+00
   63   82     0     0  con    0  1.0D+00  2.5D-02  5.136D-03  4.881D+00
   64   83     0     0  con    0  1.0D+00  1.3D-02  6.173D-03  4.881D+00
   65   84     0     0  con    0  1.0D+00  3.7D-02  4.235D-03  4.881D+00
   66   85     0     0  con    0  1.0D+00  1.1D-01  7.126D-03  4.881D+00
   67   86     0     0  con    0  1.0D+00  9.3D-02  1.212D-02  4.881D+00
   68   87     0     0  con    0  1.0D+00  1.6D-01  9.906D-03  4.881D+00
   69   88     0     0  con    0  1.0D+00  1.7D-01  2.984D-02  4.881D+00
   70   89     0     0  con    0  1.0D+00  7.1D-02  1.122D-02  4.881D+00
   71   91     0     0  con    1  5.0D-01  6.6D-02  5.937D-03  4.881D+00
   72   92     0     0  con    0  1.0D+00  2.7D-02  8.143D-03  4.881D+00
   73   93     0     0  con    0  1.0D+00  2.2D-02  7.094D-03  4.881D+00
   74   94     0     0  con    0  1.0D+00  6.9D-02  1.077D-02  4.881D+00
   75   95     0     0  con    0  1.0D+00  8.4D-02  1.734D-02  4.881D+00
   76   96     0     0  con    0  1.0D+00  5.5D-02  2.343D-02  4.881D+00
   77   97     0     0  con    0  1.0D+00  1.3D-01  3.672D-02  4.881D+00
   78   98     0     0  con    0  1.0D+00  1.2D-01  2.544D-02  4.880D+00
   79   99     0     0  con    0  1.0D+00  2.1D-01  4.661D-02  4.880D+00
   80  101     0     0  con    1  3.5D-01  2.0D-01  6.352D-03  4.880D+00
   81  102     0     0  con    0  1.0D+00  3.9D-01  2.239D-02  4.880D+00
   82  103     0     0  con    0  1.0D+00  2.9D-01  4.742D-02  4.880D+00
   83  105     0     0  con    1  2.7D-01  2.0D-01  2.345D-02  4.880D+00
   84  107     0     0  con    1  4.3D-01  1.3D-01  2.767D-02  4.880D+00
   85  108     0     0  con    0  1.0D+00  7.9D-02  9.409D-03  4.880D+00
   86  109     0     0  con    0  1.0D+00  1.8D-01  1.064D-02  4.880D+00
   87  110     0     0  con    0  1.0D+00  1.8D-01  2.529D-02  4.880D+00
   88  111     0     0  con    0  1.0D+00  2.3D-02  6.667D-03  4.880D+00
   89  112     0     0  con    0  1.0D+00  1.3D-01  5.709D-03  4.880D+00
   90  113     0     0  con    0  1.0D+00  1.6D-01  6.177D-03  4.880D+00
   91  114     0     0  con    0  1.0D+00  2.0D-02  2.358D-03  4.880D+00
   92  115     0     0  con    0  1.0D+00  2.3D-02  8.799D-04  4.880D+00
   93  116     0     0  con    0  1.0D+00  4.1D-02  1.635D-03  4.880D+00
   94  117     0     0  con    0  1.0D+00  6.8D-03  4.837D-03  4.880D+00
   95  118     0     0  con    0  1.0D+00  6.5D-03  3.205D-04  4.880D+00
   96  119     0     0  con    0  1.0D+00  8.7D-03  7.025D-04  4.880D+00
   97  120     0     0  con    0  1.0D+00  7.8D-03  9.914D-04  4.880D+00
   98  121     0     0  con    0  1.0D+00  6.0D-03  1.103D-03  4.880D+00
   99  122     0     0  con    0  1.0D+00  4.7D-02  2.064D-03  4.880D+00
  100  123     0     0  con    0  1.0D+00  7.2D-02  5.421D-03  4.880D+00
  101  124     0     0  con    0  1.0D+00  4.0D-02  3.382D-03  4.880D+00
  102  125     0     0  con    0  1.0D+00  1.0D-01  6.708D-03  4.880D+00
  103  127     0     0  con    1  4.7D-01  1.7D-02  2.793D-04  4.880D+00
  104  128     0     0  con    0  1.0D+00  5.0D-02  3.019D-03  4.880D+00
  105  129     0     0  con    0  1.0D+00  1.3D-02  2.397D-03  4.880D+00
  106  130     0     0  con    0  1.0D+00  6.1D-02  2.218D-03  4.880D+00
  107  132     0     0  con    1  1.1D-01  1.7D-02  2.777D-03  4.880D+00
  108  133     0     0  con    0  1.0D+00  3.3D-02  1.163D-03  4.880D+00
  109  135     0     0  con    1  4.1D-01  5.0D-02  1.442D-03  4.880D+00
  110  136     0     0  con    0  1.0D+00  2.8D-02  2.156D-03  4.880D+00
  111  137     0     0  con    0  1.0D+00  3.3D-02  1.578D-03  4.880D+00
  112  138     0     0  con    0  1.0D+00  6.0D-02  3.643D-03  4.880D+00
  113  139     0     0  con    0  1.0D+00  1.5D-02  9.132D-04  4.880D+00
  114  140     0     0  con    0  1.0D+00  3.0D-02  1.960D-03  4.880D+00
  115  141     0     0  con    0  1.0D+00  1.1D-03  1.792D-03  4.880D+00
  116  142     0     0  con    0  1.0D+00  2.7D-02  2.743D-03  4.880D+00
  117  143     0     0  con    0  1.0D+00  1.6D-02  2.147D-03  4.880D+00
  118  144     0     0  con    0  1.0D+00  8.5D-03  1.222D-03  4.880D+00
  119  145     0     0  con    0  1.0D+00  6.3D-02  2.916D-03  4.880D+00
  120  146     0     0  con    0  1.0D+00  3.7D-02  1.010D-03  4.880D+00
  121  147     0     0  con    0  1.0D+00  8.7D-02  3.987D-03  4.880D+00
  122  148     0     0  con    0  1.0D+00  5.1D-02  1.009D-03  4.880D+00
  123  150     0     0  con    1  4.4D-01  3.7D-02  2.246D-03  4.880D+00
  124  151     0     0  con    0  1.0D+00  8.3D-02  3.141D-03  4.880D+00
  125  152     0     0  con    0  1.0D+00  6.9D-03  1.818D-04  4.880D+00
  126  153     0     0  con    0  1.0D+00  3.6D-02  1.658D-03  4.880D+00
  127  154     0     0  con    0  1.0D+00  3.4D-02  2.032D-03  4.880D+00
  128  155     0     0  con    0  1.0D+00  2.2D-02  5.395D-04  4.880D+00
  129  156     0     0  con    0  1.0D+00  3.2D-02  1.296D-03  4.880D+00
  130  157     0     0  con    0  1.0D+00  3.0D-03  6.909D-04  4.880D+00
  131  158     0     0  con    0  1.0D+00  3.7D-03  2.863D-04  4.880D+00
  132  159     0     0  con    0  1.0D+00  2.8D-02  1.569D-04  4.880D+00
  133  160     0     0  con    0  1.0D+00  1.2D-02  1.360D-04  4.880D+00
  134  162     0     0  con    1  4.4D-01  3.3D-02  4.232D-04  4.880D+00
  135  163     0     0  con    0  1.0D+00  7.3D-02  2.800D-03  4.880D+00
  136  164     0     0  con    0  1.0D+00  2.8D-02  8.228D-04  4.880D+00
  137  165     0     0  con    0  1.0D+00  1.9D-02  2.055D-04  4.880D+00
  138  166     0     0  con    0  1.0D+00  2.7D-02  1.113D-03  4.880D+00
  139  167     0     0  con    0  1.0D+00  2.0D-03  7.318D-04  4.880D+00
  140  168     0     0  con    0  1.0D+00  1.6D-02  1.998D-04  4.880D+00
  141  169     0     0  con    0  1.0D+00  6.7D-02  6.955D-04  4.880D+00
  142  170     0     0  con    0  1.0D+00  6.5D-02  1.176D-03  4.880D+00
  143  171     0     0  con    0  1.0D+00  1.4D-01  2.921D-03  4.880D+00
  144  173     0     0  con    1  2.3D-01  6.3D-03  2.892D-04  4.880D+00
  145  174     0     0  con    0  1.0D+00  2.4D-02  2.801D-04  4.880D+00
  146  175     0     0  con    0  1.0D+00  3.5D-02  5.230D-04  4.880D+00
  147  177     0     0  con    1  3.8D-01  2.5D-02  1.141D-03  4.880D+00
  148  178     0     0  con    0  1.0D+00  7.1D-03  4.456D-04  4.880D+00
  149  179     0     0  con    0  1.0D+00  2.0D-02  5.461D-04  4.880D+00
  150  180     0     0  con    0  1.0D+00  3.4D-02  4.437D-04  4.880D+00
  151  181     0     0  con    0  1.0D+00  6.4D-02  1.548D-03  4.880D+00
  152  182     0     0  con    0  1.0D+00  7.1D-03  3.213D-04  4.880D+00
  153  183     0     0  con    0  1.0D+00  3.0D-02  5.348D-04  4.880D+00
  154  184     0     0  con    0  1.0D+00  5.7D-03  4.349D-04  4.880D+00
  155  186     0     0  con    1  1.8D-01  4.2D-02  6.197D-04  4.880D+00
  156  187     0     0  con    0  1.0D+00  2.2D-02  2.780D-04  4.880D+00
  157  188     0     0  con    0  1.0D+00  4.2D-02  1.960D-04  4.880D+00
  158  189     0     0  con    0  1.0D+00  8.7D-02  1.321D-03  4.880D+00
  159  191     0     0  con    1  4.5D-01  1.1D-03  2.340D-04  4.880D+00
  160  192     0     0  con    0  1.0D+00  4.1D-02  7.882D-04  4.880D+00
  161  193     0     0  con    0  1.0D+00  1.2D-03  3.676D-04  4.880D+00
  162  194     0     0  con    0  1.0D+00  1.4D-02  3.121D-04  4.880D+00
  163  195     0     0  con    0  1.0D+00  1.6D-02  1.631D-04  4.880D+00
  164  197     0     0  con    1  3.7D-01  3.6D-02  5.485D-04  4.880D+00
  165  198     0     0  con    0  1.0D+00  2.5D-02  5.007D-04  4.880D+00
  166  200     0     0  con    1  2.2D-01  1.5D-02  8.426D-04  4.880D+00
  167  201     0     0  con    0  1.0D+00  2.9D-02  2.747D-04  4.880D+00
  168  202     0     0  con    0  1.0D+00  4.5D-04  1.859D-04  4.880D+00
  169  204     0     0  con    1  4.7D-01  2.0D-02  7.154D-04  4.880D+00
  170  205     0     0  con    0  1.0D+00  4.2D-02  1.135D-03  4.880D+00
  171  206     0     0  con    0  1.0D+00  1.1D-02  2.085D-04  4.880D+00
  172  207     0     0  con    0  1.0D+00  9.2D-03  1.743D-04  4.880D+00
  173  209     0     0  con    1  5.0D-01  2.7D-02  5.950D-04  4.880D+00
  174  210     0     0  con    0  1.0D+00  1.2D-02  4.075D-04  4.880D+00
  175  212     0     0  con    1  5.1D-01  4.7D-02  5.588D-04  4.880D+00
  176  214     0     0  con    1  5.2D-01  4.0D-02  7.822D-04  4.880D+00
  177  215     0     0  con    0  1.0D+00  4.3D-02  5.437D-04  4.880D+00
  178  216     0     0  con    0  1.0D+00  1.2D-02  3.009D-04  4.880D+00
  179  217     0     0  con    0  1.0D+00  9.1D-02  9.854D-04  4.880D+00
  180  218     0     0  con    0  1.0D+00  2.3D-03  3.429D-04  4.880D+00
  181  219     0     0  con    0  1.0D+00  2.7D-02  4.315D-04  4.880D+00
  182  220     0     0  con    0  1.0D+00  6.1D-02  8.322D-05  4.880D+00
  183  222     0     0  con    1  1.2D-01  2.9D-02  3.584D-04  4.880D+00
  184  223     0     0  con    0  1.0D+00  9.5D-03  2.715D-04  4.880D+00
  185  224     0     0  con    0  1.0D+00  9.3D-03  5.844D-05  4.880D+00
  186  227     0     0  con    2  2.5D+00  4.0D-02  2.312D-04  4.880D+00
  187  228     0     0  con    0  1.0D+00  1.3D-02  7.114D-05  4.880D+00
  188  231     0     0  con    2  8.5D-02  2.6D-02  1.397D-04  4.880D+00
  189  234     0     0  con    2  6.2D-02  8.2D-03  1.121D-04  4.880D+00
  190  235     0     0  con    0  1.0D+00  1.3D-02  2.594D-04  4.880D+00
  191  236     0     0  con    0  1.0D+00  9.6D-03  1.977D-04  4.880D+00
  192  237     0     0  con    0  1.0D+00  1.2D-02  5.951D-05  4.880D+00
  193  239     0     0  con    1  5.0D+00  2.9D-02  5.090D-04  4.880D+00
  194  240     0     0  con    0  1.0D+00  1.4D-03  3.292D-04  4.880D+00
  195  242     0     0  con    1  3.6D-01  2.2D-02  7.949D-05  4.880D+00
  196  243     0     0  con    0  1.0D+00  3.5D-03  1.288D-05  4.880D+00
  197  245     0     0  con    1  3.9D-01  1.8D-02  1.602D-04  4.880D+00
  198  246     0     0  con    0  1.0D+00  3.9D-03  6.164D-05  4.880D+00
  199  248     0     0  con    1  2.8D-01  1.2D-02  3.331D-05  4.880D+00
  200  250     0     0  con    1  1.8D-01  2.9D-03  1.251D-04  4.880D+00
  201  251     0     0  con    0  1.0D+00  1.4D-02  1.257D-04  4.880D+00
  202  253     0     0  con    1  3.8D-01  4.6D-02  3.437D-04  4.880D+00
  203  254     0     0  con    0  1.0D+00  1.9D-03  2.718D-05  4.880D+00
  204  255     0     0  con    0  1.0D+00  5.8D-03  5.977D-05  4.880D+00
  205  258     0     0  con    2  1.7D-02  1.3D-02  1.364D-04  4.880D+00
  206  259     0     0  con    0  1.0D+00  2.1D-03  9.521D-05  4.880D+00
  207  260     0     0  con    0  1.0D+00  2.4D-03  3.855D-05  4.880D+00
  208  261     0     0  con    0  1.0D+00  1.3D-02  4.006D-05  4.880D+00
  209  263     0     0  con    1  3.0D-02  2.6D-03  1.322D-04  4.880D+00
  210  265     0     0  con    1  9.9D-02  5.5D-03  2.170D-04  4.880D+00
  211  266     0     0  con    0  1.0D+00  7.1D-04  6.164D-05  4.880D+00
  212  267     0     0  con    0  1.0D+00  3.7D-03  6.972D-05  4.880D+00
  213  268     0     0  con    0  1.0D+00  1.1D-04  4.894D-05  4.880D+00
  214  269     0     0  con    0  1.0D+00  3.7D-03  9.592D-06  4.880D+00
  215  270     0     0  con    0  1.0D+00  4.3D-03  6.803D-05  4.880D+00
  216  272     0     0  con    1  3.8D-01  7.6D-03  1.396D-04  4.880D+00
  217  273     0     0  con    0  1.0D+00  1.2D-02  2.098D-04  4.880D+00
  218  274     0     0  con    0  1.0D+00  1.8D-02  2.462D-04  4.880D+00
  219  275     0     0  con    0  1.0D+00  1.4D-02  9.033D-05  4.880D+00
  220  276     0     0  con    0  1.0D+00  2.0D-02  8.331D-05  4.880D+00
  221  277     0     0  con    0  1.0D+00  4.4D-03  2.478D-05  4.880D+00
  222  279     0     0  con    1  1.5D-01  5.1D-03  4.263D-05  4.880D+00
  223  280     0     0  con    0  1.0D+00  5.3D-03  5.160D-05  4.880D+00
  224  282     0     0  con    1  4.8D-01  8.8D-04  6.519D-05  4.880D+00
  225  283     0     0  con    0  1.0D+00  1.0D-03  2.576D-05  4.880D+00
  226  285     0     0  con    1  5.0D+00  1.6D-02  6.031D-05  4.880D+00
  227  286     0     0  con    0  1.0D+00  1.7D-03  3.793D-05  4.880D+00
  228  288     0     0  con    1  3.7D-01  2.7D-02  8.749D-05  4.880D+00
  229  289     0     0  con    0  1.0D+00  4.7D-03  9.379D-05  4.880D+00
  230  291     0     0  con    1  2.9D-02  7.5D-05  2.300D-05  4.880D+00
  231  292     0     0  con    0  1.0D+00  1.4D-02  2.599D-04  4.880D+00
  232  293     0     0  con    0  1.0D+00  1.7D-02  2.614D-04  4.880D+00
  233  294     0     0  con    0  1.0D+00  2.9D-02  3.482D-05  4.880D+00
  234  296     0     0  con    1  2.8D-01  2.6D-02  2.670D-04  4.880D+00
  235  297     0     0  con    0  1.0D+00  3.3D-02  5.717D-04  4.880D+00
  236  298     0     0  con    0  1.0D+00  1.8D-03  3.693D-04  4.880D+00
  237  300     0     0  con    1  4.8D-01  8.0D-03  6.688D-05  4.880D+00
  238  301     0     0  con    0  1.0D+00  1.2D-02  8.287D-05  4.880D+00
  239  304     0     0  con    2  1.9D-01  3.2D-03  4.121D-05  4.880D+00
  240  316     0     0  con   11  7.2D-11  9.0D-12  4.121D-05  4.880D+00

CONVERGENCE: REL_REDUCTION_OF_F_<=_FACTR*EPSMCH             

 Warning:  more than 10 function and gradient
   evaluations in the last line search.  Termination
   may possibly be caused by a bad search direction.

 Total User time 0.000E+00 seconds.

